c12e,1697655606891941,5.2258811,2.1640332,0.86770213,32,388
c12e,1697655606892506,5.2425451,2.170742,0.85630327,26,398
c12e,1697655606892952,5.2488689,2.1675942,0.86020172,30,408
c12e,1697655606893385,5.2557087,2.173434,0.86039847,29,418
c12e,1697655606893815,5.25752,2.1744578,0.86698937,30,428
c12e,1697655606894252,5.2419634,2.1707692,0.86124176,27,438
c12e,1697655607068981,5.233685,2.1754699,0.84585828,24,448
c12e,1697655608068966,5.2273583,2.1832328,0.85259062,28,458
c12e,1697655609069012,5.2156086,2.1666064,0.8475275,26,468
c12e,1697655610069664,5.21485,2.1593268,0.85016966,28,478
c12e,1697655611078443,5.2361264,2.1657174,0.84269845,26,488
c12e,1697655612068972,5.2311687,2.162519,0.84361333,27,498
c12e,1697655613068933,5.2247839,2.1669905,0.84252632,26,508
c12e,1697655614068860,5.2261372,2.1542361,0.85931903,32,518
c12e,1697655615068855,5.2381425,2.163332,0.83523995,22,528
c12e,1697655616068960,5.2363944,2.1609759,0.83319318,26,538
c12e,1697655617068896,5.2409654,2.1669657,0.82517594,24,548
c12e,1697655618069190,5.2375779,2.1658709,0.83608609,29,558
c12e,1697655619069265,5.2465677,2.1663184,0.83293855,26,568
c12e,1697655620069861,5.2498612,2.1856785,0.81939542,22,578
c12e,1697655621070204,5.2448034,2.1717777,0.84330451,32,588
c12e,1697655622069918,5.2412553,2.1521158,0.871066,35,598
c12e,1697655623068964,5.2452154,2.1621037,0.85854411,26,608
c12e,1697655624069741,5.2476754,2.1617825,0.85452843,27,618
c12e,1697655625069185,5.2399044,2.1619942,0.84966743,26,628
c12e,1697655626069398,5.2326083,2.1726255,0.84533441,26,638
c12e,1697655627068904,5.23409,2.1826119,0.84169841,26,648
c12e,1697655628068981,5.2500591,2.1902609,0.83894193,27,658
c12e,1697655629069005,5.2600021,2.1861837,0.84143174,28,668
c12e,1697655630068960,5.2706175,2.1900785,0.83840513,27,678
c12e,1697655631068934,5.2483721,2.1774757,0.83925629,26,688
c12e,1697655632069815,5.249505,2.1731899,0.85129315,30,698
c12e,1697655633069934,5.2462797,2.1760125,0.85059303,27,708
c12e,1697655634068962,5.2517,2.1639194,0.85026312,28,718
c12e,1697655635068925,5.2384729,2.1627336,0.85963756,30,728
c12e,1697655636069791,5.2471066,2.1599672,0.864345,30,738
c12e,1697655637068950,5.2327981,2.1635087,0.87007761,29,748
c12e,1697655638068982,5.2322197,2.1539874,0.87703109,31,758
c12e,1697655639069030,5.2308989,2.160502,0.87538743,29,768
c12e,1697655640069082,5.23015,2.1590161,0.86151087,26,778
c12e,1697655641068976,5.2368674,2.1797953,0.85151958,25,788
c12e,1697655642068970,5.2354007,2.1818306,0.83241624,22,798
c12e,1697655643070184,5.2250862,2.1718974,0.85554665,32,808
c12e,1697655644069547,5.2354774,2.1850002,0.83938509,23,818
c12e,1697655645069014,5.2439537,2.1920588,0.84063876,27,828
c12e,1697655646069162,5.2299552,2.1838441,0.84395015,27,838
c12e,1697655647069028,5.2160382,2.1827621,0.83084756,23,848
c12e,1697655648069326,5.221323,2.1796148,0.83390558,27,858
c12e,1697655649069067,5.2153277,2.1816454,0.83193052,25,868
c12e,1697655650069389,5.2041326,2.1791856,0.83682758,27,878
c12e,1697655651069245,5.2110376,2.1761417,0.83962524,27,888
c12e,1697655652069437,5.2409344,2.1837308,0.83802754,27,898
c12e,1697655653072349,5.2416039,2.1893349,0.82888871,24,908
c12e,1697655654072092,5.2532711,2.1727293,0.84923393,33,918
c12e,1697655655070171,5.2384353,2.1750202,0.84350252,25,928
c12e,1697655656070389,5.2475762,2.1677282,0.85202944,30,938
c12e,1697655657070065,5.2275085,2.1522775,0.86829597,31,948
c12e,1697655658069949,5.2392516,2.1558166,0.87005585,30,958
c12e,1697655659069045,5.2371278,2.1597488,0.85970443,26,968
c12e,1697655660069066,5.2359481,2.1497183,0.86903238,31,978
c12e,1697655661070198,5.2212906,2.1492739,0.85468817,24,988
c12e,1697655662069852,5.2420759,2.1588213,0.86285555,31,998
c12e,1697655663070377,5.2465696,2.1653302,0.84715527,24,1008
c12e,1697655664069195,5.2362003,2.1574559,0.85332364,29,1018
c12e,1697655665069120,5.2291784,2.16663,0.84401208,25,1028
c12e,1697655666069110,5.2261906,2.1612942,0.85045338,29,1038
c12e,1697655667069342,5.2401829,2.1720138,0.84020573,25,1048
c12e,1697655668069213,5.2430682,2.17701,0.84464866,28,1058
c12e,1697655669070036,5.2421856,2.1694391,0.84363461,27,1068
c12e,1697655670069318,5.23757,2.1825607,0.824827,21,1078
c12e,1697655671069271,5.2332864,2.1730828,0.83789849,29,1088
c12e,1697655672069691,5.2467294,2.185349,0.82226253,23,1098
c12e,1697655673069219,5.2479792,2.1956048,0.81813568,24,1108
c12e,1697655674070176,5.2352333,2.1980608,0.820549,25,1118
c12e,1697655675069284,5.2343225,2.1971343,0.82504058,26,1128
c12e,1697655676069159,5.2324686,2.1953442,0.81574214,23,1138
c12e,1697655677069430,5.2275515,2.1925681,0.80942225,23,1148
c12e,1697655678069234,5.2231121,2.1898403,0.81267613,25,1158
c12e,1697655679069568,5.2252622,2.1951954,0.7970655,21,1168
c12e,1697655680070255,5.2201214,2.1934707,0.80188316,25,1178
c12e,1697655681069222,5.2226634,2.1863122,0.82861441,31,1188
c12e,1697655682069279,5.2279639,2.1843655,0.833054,27,1198
c12e,1697655683069284,5.23065,2.1776862,0.82824773,25,1208
c12e,1697655684069270,5.2307048,2.1670711,0.85205543,33,1218
c12e,1697655685069279,5.237361,2.1664877,0.85566396,29,1228
c12e,1697655686069306,5.2324996,2.1668277,0.85255635,27,1238
c12e,1697655687069305,5.2281327,2.1529942,0.8635295,31,1248
c12e,1697655688071070,5.2126517,2.1529541,0.85538125,25,1258
c12e,1697655689070390,5.213943,2.1558673,0.85328341,27,1268
c12e,1697655690069372,5.2114258,2.1537864,0.84122348,24,1278
c12e,1697655691069522,5.224782,2.1566546,0.84514868,28,1288
c12e,1697655692069459,5.2370434,2.1634469,0.85310704,30,1298
c12e,1697655693069528,5.2464395,2.1557863,0.85393405,29,1308
c12e,1697655694069660,5.2362061,2.1705351,0.83727562,22,1318
c12e,1697655695069433,5.2157707,2.1676741,0.84574324,28,1328
c12e,1697655696069347,5.2290154,2.1725934,0.83493835,25,1338
c12e,1697655697069307,5.2524366,2.1760659,0.8333571,27,1348
c12e,1697655698069354,5.2424803,2.1740313,0.83614075,27,1358
c12e,1697655699069757,5.232173,2.1830456,0.82896256,24,1368
c12e,1697655700069348,5.226686,2.1790907,0.82599151,25,1378
c12e,1697655701069441,5.2174459,2.1819496,0.81862694,23,1388
c12e,1697655702080126,5.2340474,2.1835613,0.81883967,26,1398
c12e,1697655703069511,5.23062,2.1730351,0.834372,30,1408
c12e,1697655704071747,5.2161593,2.1745107,0.83464849,25,1418
c12e,1697655705069444,5.2242932,2.1892269,0.83268458,25,1428
c12e,1697655706069434,5.2466111,2.1915839,0.81477368,22,1438
c12e,1697655707069412,5.2552485,2.1865594,0.82264912,28,8
c12e,1697655708069449,5.2393909,2.1946816,0.81181467,22,18
c12e,1697655709069478,5.2465577,2.1919038,0.82825392,30,28
c12e,1697655710069876,5.2527952,2.1873205,0.83627778,29,38
c12e,1697655711069341,5.2637753,2.1801002,0.8509469,31,48
c12e,1697655712069408,5.2595015,2.1679547,0.85982406,31,58
c12e,1697655713070286,5.2447877,2.1735406,0.85222179,25,68
c12e,1697655714069629,5.2480469,2.1753838,0.85108304,28,78
c12e,1697655715070989,5.2390456,2.175468,0.86183083,30,88
c12e,1697655716069429,5.2450771,2.1768181,0.84908813,25,98
c12e,1697655717069473,5.2300706,2.1852489,0.83086848,22,108
c12e,1697655718069875,5.2406511,2.1803815,0.83501393,28,118
c12e,1697655719069594,5.2610507,2.1887672,0.83111811,26,128
c12e,1697655720069459,5.2572,2.192452,0.82255876,24,138
c12e,1697655721070820,5.2453451,2.1957641,0.83009082,27,148
c12e,1697655722069544,5.2342014,2.1916032,0.81881177,23,158
c12e,1697655723069503,5.2402253,2.176867,0.82001132,27,168
c12e,1697655724069805,5.2424231,2.1764455,0.81830531,25,178
c12e,1697655725069463,5.2462173,2.1844704,0.81442469,24,188
c12e,1697655726069800,5.2306981,2.1835325,0.81302464,24,198
c12e,1697655727069764,5.234282,2.17442,0.83796549,32,208
c12e,1697655728070714,5.2350802,2.1757984,0.83644986,26,218
c12e,1697655729070188,5.2453303,2.1771758,0.83636838,27,228
c12e,1697655730070295,5.2447038,2.1863701,0.83082455,25,238
c12e,1697655731070158,5.2519464,2.1926105,0.83098185,26,248
c12e,1697655732069455,5.2349992,2.1835618,0.8268823,25,258
c12e,1697655733069441,5.2145553,2.1773436,0.81996012,23,268
c12e,1697655734069501,5.2278914,2.1904757,0.80601579,22,278
c12e,1697655735069486,5.2272019,2.1833272,0.81477487,27,288
c12e,1697655736069486,5.2160664,2.1705205,0.82738763,28,298
c12e,1697655737069459,5.2296772,2.1716118,0.83169097,28,308
c12e,1697655738069865,5.2276864,2.1677272,0.8341043,27,318
c12e,1697655739070688,5.2208767,2.1717329,0.83478725,26,328
c12e,1697655740069530,5.2207808,2.1733537,0.84100223,28,338
c12e,1697655741069749,5.2128239,2.1779709,0.83489287,24,348
c12e,1697655742069736,5.2131472,2.1877954,0.82353652,23,358
c12e,1697655743069902,5.2069793,2.182287,0.83835357,29,368
c12e,1697655744069521,5.2154446,2.1747046,0.84095514,28,378
c12e,1697655745069531,5.2045765,2.1732912,0.83344138,24,388
c12e,1697655746069524,5.1933293,2.1689155,0.84345269,28,398
c12e,1697655747069607,5.1934004,2.1729822,0.82940108,23,408
c12e,1697655748070971,5.1850486,2.1659107,0.83812094,28,418
c12e,1697655749070712,5.2026987,2.1695135,0.83363914,26,428
c12e,1697655750069588,100,100,100,0,438
c12e,1697655751069916,5.2267647,2.1732149,0.84826082,31,448
c12e,1697655752069588,5.2263608,2.1727955,0.83478713,24,458
c12e,1697655753069616,5.228363,2.1747458,0.8412686,28,468
c12e,1697655754071093,5.2294784,2.172492,0.84690017,28,478
c12e,1697655755069706,5.2145042,2.1710384,0.85512692,28,488
c12e,1697655756071504,5.2280893,2.1674278,0.845231,26,498
c12e,1697655757069622,5.2266531,2.1763055,0.84528148,27,508
c12e,1697655758069568,5.2359195,2.1862969,0.8442874,27,518
c12e,1697655759069624,5.2432566,2.1935928,0.83862,25,528
c12e,1697655760069935,5.2473989,2.1982591,0.83554643,26,538
c12e,1697655761069572,5.2358871,2.2020464,0.82761061,23,548
c12e,1697655762070378,5.242363,2.1854389,0.83651119,29,558
c12e,1697655763069592,5.2289305,2.1611578,0.85487461,32,568
c12e,1697655764075251,5.2356353,2.1667666,0.84528565,25,578
c12e,1697655765070090,5.2422514,2.1706247,0.83283961,24,588
c12e,1697655766069657,5.2408805,2.1612122,0.83166057,27,598
c12e,1697655767069930,5.2324643,2.1621003,0.83612913,27,608
c12e,1697655768069619,5.2463775,2.1689682,0.83675432,27,618
c12e,1697655769070442,5.2407107,2.16508,0.83673078,27,628
c12e,1697655770079082,5.2266188,2.1605494,0.84302408,28,638
c12e,1697655771072974,5.2225204,2.1622186,0.83653766,25,648
c12e,1697655772069671,5.2206278,2.1585841,0.83695745,27,658
c12e,1697655773069640,5.2062187,2.1593313,0.84597307,28,668
c12e,1697655774079300,5.2097669,2.1648731,0.83946955,25,678
c12e,1697655775071194,5.2140727,2.1780303,0.83311188,24,688
c12e,1697655776071142,5.2303123,2.1863363,0.83244324,26,698
c12e,1697655777069674,5.2308769,2.18035,0.83219147,26,708
c12e,1697655778070456,5.2336211,2.1737,0.83032316,26,718
c12e,1697655779069754,5.2181091,2.1692755,0.82918525,25,728
c12e,1697655780069662,5.2027054,2.1717412,0.82290959,23,738
c12e,1697655781070112,5.2283545,2.1843717,0.8170439,24,748
c12e,1697655782070437,5.2214527,2.1866741,0.81921339,25,758
c12e,1697655783070470,5.2201881,2.1790438,0.82505715,27,768
c12e,1697655784078547,5.2356305,2.1836796,0.82297641,26,778
c12e,1697655785071438,5.2276,2.1750829,0.83254725,28,788
c12e,1697655786069760,5.2366428,2.1814234,0.83050954,26,798
c12e,1697655787069703,5.2317295,2.1799812,0.82793581,25,808
c12e,1697655788069741,5.2312536,2.1953874,0.81614476,22,818
c12e,1697655789069806,5.2336588,2.1929791,0.82003319,26,828
c12e,1697655790069736,5.2379837,2.1909902,0.84046119,31,838
c12e,1697655791069710,5.2297268,2.1997323,0.82944411,23,848
c12e,1697655792069866,5.2268977,2.2035584,0.82502872,24,858
c12e,1697655793069763,5.2335467,2.197582,0.83490837,29,868
c12e,1697655794070572,5.2369332,2.1843059,0.85317433,32,878
c12e,1697655795070908,5.2348094,2.1886888,0.83704233,23,888
c12e,1697655796070158,5.2407961,2.1856062,0.83555871,27,898
c12e,1697655797070000,5.2368164,2.1682177,0.85441166,32,908
c12e,1697655798070212,5.2345281,2.1608474,0.85954535,29,918
c12e,1697655799069904,5.232955,2.1694396,0.84362543,24,928
c12e,1697655800069764,5.2233443,2.1705797,0.83610326,24,938
c12e,1697655801070816,5.2235227,2.1595914,0.84783638,30,948
c12e,1697655802069862,5.2103786,2.1659071,0.84500587,25,958
c12e,1697655803070049,5.217669,2.1772826,0.836429,25,968
c12e,1697655804069901,5.2173042,2.1874523,0.82264131,22,978
c12e,1697655805069922,5.2191734,2.1904285,0.80461228,21,988
c12e,1697655806069787,5.2299514,2.1899688,0.81833512,28,998
c12e,1697655807069962,5.2199044,2.1970654,0.8106342,22,1008
c12e,1697655808070516,5.2120605,2.1856256,0.81822157,26,1018
c12e,1697655809070028,5.2128463,2.1837928,0.82889318,28,1028
c12e,1697655810069920,5.2175589,2.1767049,0.81371915,22,1038
c12e,1697655811070076,5.2278996,2.1875226,0.82008541,27,1048
c12e,1697655812070919,5.2328386,2.1815269,0.82713038,28,1058
c12e,1697655813070702,5.236733,2.1843867,0.81527984,23,1068
c12e,1697655814070693,5.2372489,2.1761816,0.83493382,31,1078
c12e,1697655815071010,5.2417994,2.1755853,0.83309466,26,1088
c12e,1697655816070703,5.2314396,2.1564398,0.84243816,29,1098
c12e,1697655817072584,5.2426686,2.1558428,0.84325612,28,1108
c12e,1697655818071792,5.2467084,2.1617756,0.84829932,29,1118
c12e,1697655819070085,5.2510185,2.1645749,0.83578211,24,1128
c12e,1697655820069971,5.2436562,2.1624362,0.85541534,32,1138
c12e,1697655821070201,5.2537403,2.1713407,0.85259986,27,1148
c12e,1697655822070763,5.2309251,2.1576235,0.85073817,27,1158
c12e,1697655823070828,5.23536,2.167217,0.84979224,27,1168
c12e,1697655824070317,5.2337861,2.1705816,0.85282469,28,1178
c12e,1697655825070993,5.2295437,2.1779189,0.84326887,25,1188
c12e,1697655826069990,5.2328453,2.179224,0.83036447,24,1198
c12e,1697655827070992,5.2326465,2.1786063,0.8319723,27,1208
c12e,1697655828069960,5.2216039,2.1589968,0.8383022,28,1218
c12e,1697655829070778,5.2225361,2.1613402,0.83711964,26,1228
c12e,1697655830070197,5.2193851,2.1580067,0.84680015,29,1238
c12e,1697655831070005,5.2284079,2.1712241,0.84584206,27,1248
c12e,1697655832070009,5.2286663,2.1699967,0.83951688,26,1258
c12e,1697655833069958,5.2324414,2.1713171,0.8421669,28,1268
c12e,1697655834069966,5.2201138,2.17565,0.8281849,22,1278
c12e,1697655835070374,5.2299452,2.1640048,0.850276,33,1288
c12e,1697655836070039,5.2241187,2.1669612,0.85238653,28,1298
c12e,1697655837071304,5.2339816,2.1736917,0.8472259,26,1308
c12e,1697655838070036,5.2346091,2.1840627,0.84428704,26,1318
c12e,1697655839070712,5.2461243,2.1840241,0.8591457,32,1328
c12e,1697655840071501,5.2277207,2.1742909,0.85754442,27,1338
c12e,1697655841072273,5.2378926,2.1659045,0.8607536,30,1348
c12e,1697655842072522,5.241663,2.1777129,0.85735917,27,1358
c12e,1697655843071543,5.2332816,2.1725488,0.86125791,29,1368
c12e,1697655844070807,5.2326436,2.1799939,0.84985673,25,1378
c12e,1697655845069992,5.2352848,2.1832335,0.84139746,25,1388
c12e,1697655846070435,5.2465048,2.1899493,0.8336482,25,1398
c12e,1697655847070054,5.2333789,2.1846914,0.85390389,31,1408
c12e,1697655848070247,5.2346606,2.1740243,0.86682194,32,1418
c12e,1697655849071066,5.2229562,2.1627254,0.86703742,28,1428
c12e,1697655850070335,5.2141404,2.1429961,0.88512641,34,1438
c12e,1697655851071038,5.2159028,2.1575153,0.87222886,26,8
c12e,1697655852070159,5.2335534,2.170279,0.86038452,26,18
c12e,1697655853070532,5.2468762,2.1729968,0.85381836,27,28
c12e,1697655854070063,5.2337394,2.1785073,0.84325904,24,38
c12e,1697655855070146,5.2294278,2.1737275,0.84215194,27,48
c12e,1697655856072216,100,100,100,0,58
c12e,1697655857070933,5.2559109,2.1651163,0.86668485,35,68
c12e,1697655858070147,5.2342739,2.1610756,0.86046416,26,78
c12e,1697655859071030,5.2394238,2.1594372,0.86697358,30,88
c12e,1697655860070986,5.2367535,2.1725318,0.84470487,22,98
c12e,1697655861071530,5.223886,2.1673865,0.84199041,26,108
c12e,1697655862070626,5.2348862,2.1743686,0.82650405,23,118
c12e,1697655863070106,5.2269011,2.1732686,0.82563359,25,128
c12e,1697655864070072,5.2251682,2.1546693,0.84696627,32,138
c12e,1697655865070162,5.2292833,2.1512871,0.85423678,30,148
c12e,1697655866070105,5.2489095,2.1554351,0.86106211,31,158
c12e,1697655867070192,5.2485304,2.1642492,0.86453539,29,168
c12e,1697655868070282,5.2533612,2.1626906,0.85732365,27,178
c12e,1697655869070255,5.25428,2.160794,0.86247444,30,188
c12e,1697655870070322,5.2452669,2.1674612,0.84326321,23,198
c12e,1697655871070226,5.2383981,2.165164,0.85523677,30,208
c12e,1697655872070130,5.2428107,2.1722341,0.842818,25,218
c12e,1697655873071007,5.2523665,2.1805153,0.83948684,26,228
c12e,1697655874070288,5.2368522,2.1777678,0.83813524,26,238
c12e,1697655875070230,5.2329936,2.1699266,0.84177065,28,248
c12e,1697655876070272,5.2283216,2.1663389,0.84409672,27,258
c12e,1697655877070447,5.225862,2.1602497,0.83140957,24,268
c12e,1697655878070287,5.2235026,2.1576653,0.84522969,30,278
c12e,1697655879070592,5.2160587,2.1592567,0.83122736,23,288
c12e,1697655880070254,5.2222376,2.1650646,0.83227164,26,298
c12e,1697655881070240,5.2355957,2.1743903,0.82388586,24,308
c12e,1697655882070267,5.23165,2.1789472,0.82518095,26,318
c12e,1697655883070213,5.2397723,2.1698506,0.8306765,28,328
c12e,1697655884070663,5.23445,2.1628833,0.82134438,24,338
c12e,1697655885070501,5.239325,2.1619062,0.83268595,29,348
c12e,1697655886070221,5.2478662,2.1718547,0.82623887,25,358
c12e,1697655887070309,5.232089,2.1729066,0.81780338,23,368
c12e,1697655888070788,5.2440033,2.1704662,0.83287752,30,378
c12e,1697655889071079,5.2529178,2.1762617,0.83181781,26,388
c12e,1697655890071216,5.2353306,2.1755946,0.8482182,30,398
c12e,1697655891071178,5.232255,2.1720192,0.84854192,27,408
c12e,1697655892070726,5.2374492,2.1877246,0.83898044,24,418
c12e,1697655893072471,5.2359514,2.1894152,0.82996881,24,428
c12e,1697655894072122,5.2328238,2.1764727,0.84553677,30,438
c12e,1697655895070297,5.2498403,2.1682208,0.84927565,29,448
c12e,1697655896070389,5.25078,2.1719062,0.8431586,26,458
c12e,1697655897070322,5.2459741,2.1690662,0.84625858,28,468
c12e,1697655898071613,5.2530637,2.1624365,0.8642146,33,478
c12e,1697655899070396,5.2538104,2.1701884,0.84955144,25,488
c12e,1697655900071068,5.2380257,2.1664195,0.8443501,26,498
c12e,1697655901070319,5.2345457,2.1664128,0.83869755,26,508
c12e,1697655902070632,5.2527614,2.1853545,0.83016145,25,518
c12e,1697655903070435,5.2636356,2.1898825,0.81753868,23,528
c12e,1697655904070485,5.2453036,2.191669,0.81931919,25,538
c12e,1697655905070324,5.2367754,2.1896324,0.83210379,28,548
c12e,1697655906070421,5.2316427,2.1897573,0.82163513,23,558
c12e,1697655907070392,5.2415485,2.1832726,0.82510531,27,568
c12e,1697655908071376,5.2518272,2.1974483,0.81999147,24,578
c12e,1697655909071720,5.2287707,2.1810584,0.83492583,29,588
c12e,1697655910073880,5.234117,2.1619751,0.861702,35,598
c12e,1697655911070462,5.2270689,2.1673815,0.86421692,28,608
c12e,1697655912071416,5.2228827,2.168159,0.85150862,25,618
c12e,1697655913070446,5.2273235,2.1617644,0.86284971,31,628
c12e,1697655914070323,5.2379651,2.1686423,0.85070443,25,638
c12e,1697655915071111,5.2439737,2.1712103,0.8378123,24,648
c12e,1697655916070430,5.2379336,2.1765621,0.83562577,26,658
c12e,1697655917070414,5.2346926,2.1874511,0.83139491,25,668
c12e,1697655918071257,5.2227945,2.1900291,0.82794631,24,678
c12e,1697655919070441,5.2116032,2.1872365,0.82948041,25,688
c12e,1697655920070455,5.2258487,2.1872118,0.84067649,29,698
c12e,1697655921070469,5.2340422,2.1921859,0.83504713,25,708
c12e,1697655922070661,5.2493272,2.1776352,0.84451151,30,718
c12e,1697655923072030,5.2456665,2.1739717,0.839151,26,728
c12e,1697655924077630,5.2455611,2.178057,0.83221424,25,738
c12e,1697655925070539,5.2363081,2.1715925,0.82919973,25,748
c12e,1697655926070577,5.2402453,2.1800721,0.81501514,22,758
c12e,1697655927070514,5.2389464,2.1774457,0.8241421,28,768
c12e,1697655928072022,5.2298946,2.1671174,0.82816094,27,778
c12e,1697655929071322,5.2394691,2.1688962,0.84349281,31,788
c12e,1697655930070876,5.2364593,2.1766155,0.83566707,25,798
c12e,1697655931070503,5.2326994,2.1766891,0.83655435,27,808
c12e,1697655932070417,5.2432928,2.1789737,0.84059221,28,818
c12e,1697655933070488,5.253304,2.1865635,0.83484674,26,828
c12e,1697655934071999,5.2587461,2.1863794,0.83931154,28,838
c12e,1697655935070660,5.2502689,2.1778331,0.84257346,28,848
c12e,1697655936070632,5.24797,2.1814506,0.83801049,26,858
c12e,1697655937070532,5.2327762,2.1932936,0.82974041,23,868
c12e,1697655938070578,5.2258573,2.1953428,0.82273757,24,878
c12e,1697655939071534,5.2319994,2.1924093,0.83041823,28,888
c12e,1697655940071398,5.22573,2.1983926,0.83141863,25,898
c12e,1697655941070620,5.2234092,2.1979828,0.81931722,23,908
c12e,1697655942070626,5.2242289,2.200382,0.82073152,25,918
c12e,1697655943070578,5.2417283,2.1932595,0.81566405,25,928
c12e,1697655944070624,5.2381048,2.1923914,0.82653242,28,938
c12e,1697655945070603,5.2243967,2.1761317,0.83201867,27,948
c12e,1697655946070965,5.2179718,2.1598935,0.8399111,28,958
c12e,1697655947071335,5.21159,2.1753459,0.8415696,26,968
c12e,1697655948071520,5.209496,2.166429,0.84936637,29,978
c12e,1697655949071509,5.2034431,2.1628094,0.84548652,26,988
c12e,1697655950070681,5.2099977,2.1721694,0.84399176,26,998
c12e,1697655951070630,5.2206936,2.1768193,0.84239775,27,1008
c12e,1697655952072262,5.2050366,2.1754537,0.84755915,27,1018
c12e,1697655953070941,5.1976552,2.1822467,0.83599132,23,1028
c12e,1697655954070672,5.1889782,2.1750548,0.83296317,25,1038
c12e,1697655955070726,5.2009091,2.178226,0.83591288,27,1048
c12e,1697655956070670,5.2073646,2.1778774,0.83643359,27,1058
c12e,1697655957073330,5.1990271,2.171797,0.84159714,27,1068
c12e,1697655958070830,5.1980138,2.1731739,0.84260458,27,1078
c12e,1697655959073836,5.2092023,2.1664023,0.84391963,28,1088
c12e,1697655960070731,5.2271013,2.1660683,0.85551381,31,1098
c12e,1697655961070700,5.2409711,2.1759076,0.85578293,28,1108
c12e,1697655962070701,5.20899,2.1620188,0.87880176,32,1118
c12e,1697655963071039,5.2216759,2.1560798,0.8760739,29,1128
c12e,1697655964070700,5.2142968,2.1480432,0.88078308,30,1138
c12e,1697655965074147,5.2154021,2.1450059,0.86968565,27,1148
c12e,1697655966070706,5.2241015,2.1615674,0.85437936,25,1158
c12e,1697655967070707,5.214231,2.1475661,0.857488,29,1168
c12e,1697655968072319,5.2352242,2.1523559,0.85883039,29,1178
c12e,1697655969071886,5.2382169,2.160321,0.86475933,30,1188
c12e,1697655970070768,5.2277746,2.1598554,0.863505,28,1198
c12e,1697655971070770,5.2268877,2.1700199,0.84890425,24,1208
c12e,1697655972070776,5.2325993,2.1677661,0.85667104,30,1218
c12e,1697655973070862,5.246026,2.1763239,0.85054606,27,1228
c12e,1697655974071111,5.2382812,2.1836483,0.85076356,27,1238
c12e,1697655975070923,5.2357736,2.1772325,0.851088,28,1248
c12e,1697655976070808,5.2329626,2.1855381,0.83687943,23,1258
c12e,1697655977071642,5.241158,2.1877882,0.83352244,26,1268
c12e,1697655978071721,5.2419724,2.1935163,0.83632845,27,1278
c12e,1697655979072965,5.2334256,2.1936977,0.82245964,22,1288
c12e,1697655980070803,5.2146592,2.17853,0.83279532,28,1298
c12e,1697655981070826,5.2188172,2.1800373,0.83701736,27,1308
c12e,1697655982071320,5.22416,2.1585207,0.86155194,34,1318
c12e,1697655983070799,5.2266564,2.1708672,0.8589772,27,1328
c12e,1697655984071752,5.2307539,2.1747251,0.85906082,28,1338
c12e,1697655985071948,5.2151208,2.1615708,0.87800974,33,1348
c12e,1697655986070887,5.2305355,2.1722407,0.86112094,25,1358
c12e,1697655987071490,5.2324963,2.1815653,0.84558797,24,1368
c12e,1697655988070899,5.2218013,2.1736979,0.84836853,27,1378
c12e,1697655989071770,5.2230124,2.1660519,0.85008621,28,1388
c12e,1697655990070913,5.212471,2.1658287,0.85162938,27,1398
c12e,1697655991072234,5.2211766,2.172955,0.82987493,22,1408
c12e,1697655992072204,5.2284679,2.1764636,0.81710213,23,1418
c12e,1697655993071855,5.2289033,2.1696241,0.83571607,30,1428
c12e,1697655994070958,5.2324715,2.1661987,0.84499478,29,1438
c12e,1697655995070965,5.2179871,2.1658821,0.83030665,23,8
c12e,1697655996070958,5.2085071,2.1692812,0.82913589,25,18
c12e,1697655997071254,5.2269197,2.1780038,0.82421756,25,28
c12e,1697655998070937,5.20531,2.165092,0.83939046,29,38
c12e,1697655999071050,5.2087336,2.1816318,0.83682567,25,48
c12e,1697656000070968,5.2122025,2.1825759,0.8296116,24,58
c12e,1697656001071975,5.2246566,2.1902397,0.81793308,23,68
c12e,1697656002073041,5.2055335,2.1840119,0.81177068,23,78
c12e,1697656003070948,5.2134757,2.1898646,0.81448328,25,88
c12e,1697656004071613,5.2210732,2.18703,0.82245564,27,98
c12e,1697656005071449,5.2082477,2.203367,0.80620247,20,108
c12e,1697656006071051,5.2104435,2.1895854,0.81209743,26,118
c12e,1697656007072879,5.2218342,2.1812756,0.82457703,29,128
c12e,1697656008071114,5.2239003,2.1755526,0.82039696,25,138
c12e,1697656009070996,5.2227578,2.1749251,0.83728504,30,148
c12e,1697656010071079,5.2219892,2.1801999,0.82546759,23,158
c12e,1697656011072216,5.237391,2.181407,0.83386374,29,168
c12e,1697656012071964,5.2248416,2.1932609,0.82663035,23,178
c12e,1697656013072506,5.2321038,2.193109,0.83236057,48,188
c12e,1697656014071063,5.2414603,2.1982219,0.82647055,25,198
c12e,1697656015071030,5.2493148,2.1822951,0.857691,35,208
c12e,1697656016071032,5.2412639,2.1798291,0.85825092,28,218
c12e,1697656017071152,5.2493072,2.1759751,0.85048825,27,228
c12e,1697656018071126,5.2690854,2.187464,0.84354317,26,238
c12e,1697656019071432,5.2532811,2.1941416,0.84728462,27,248
c12e,1697656020071075,5.2404261,2.1792181,0.85159814,28,258
c12e,1697656021071217,5.2358475,2.1750798,0.85621375,29,268
c12e,1697656022071199,5.238574,2.1733394,0.85840309,29,278
c12e,1697656023071118,5.2465591,2.1830297,0.84985656,26,288
c12e,1697656024071476,5.23916,2.1872072,0.84999061,27,298
c12e,1697656025071120,5.2458587,2.1822045,0.85473877,29,308
c12e,1697656026071193,5.2424226,2.1687212,0.84427714,26,318
c12e,1697656027071101,5.238493,2.172385,0.83198124,24,328
c12e,1697656028071596,5.2564297,2.1871324,0.82962453,26,338
c12e,1697656029072847,5.234787,2.17765,0.84177828,29,348
c12e,1697656030072584,5.2361226,2.1747766,0.83588529,26,358
c12e,1697656031071180,5.233222,2.1743236,0.83945948,27,368
c12e,1697656032070989,5.2291389,2.17384,0.83557332,26,378
c12e,1697656033071045,5.2197466,2.1664352,0.840618,28,388
c12e,1697656034072866,5.2251186,2.166048,0.838901,27,398
c12e,1697656035072386,5.2413249,2.1561832,0.86284703,34,408
c12e,1697656036071995,5.2350607,2.1613793,0.86632836,29,418
c12e,1697656037071152,5.2225571,2.1703115,0.85624647,25,428
c12e,1697656038071128,5.2242036,2.1653147,0.86106777,29,438
c12e,1697656039071101,5.2199593,2.1805568,0.85166287,25,448
c12e,1697656040071479,5.2173085,2.1869528,0.83415926,22,458
c12e,1697656041071169,5.2213726,2.1998069,0.83511585,26,468
c12e,1697656042072336,5.2204804,2.1925507,0.8544209,31,478
c12e,1697656043071191,5.2151403,2.1923442,0.83550209,22,488
c12e,1697656044071524,5.212913,2.1942801,0.8309,25,498
c12e,1697656045071849,5.2208958,2.1900134,0.8297016,26,508
c12e,1697656046071140,5.2446065,2.1870306,0.83749372,29,518
c12e,1697656047071167,5.2403049,2.2011106,0.83314043,25,528
c12e,1697656048071562,5.2541695,2.2007697,0.83840066,28,538
c12e,1697656049071244,5.2421522,2.1889293,0.85947734,32,548
c12e,1697656050071209,5.2344956,2.1824028,0.86276096,29,558
c12e,1697656051071540,5.2330489,2.1880414,0.85214734,25,568
c12e,1697656052071222,5.2305675,2.1745636,0.85395747,28,578
c12e,1697656053071280,5.2418752,2.1785779,0.85559541,29,588
c12e,1697656054071496,5.2320666,2.1671638,0.8526988,27,598
c12e,1697656055071278,5.2421756,2.1769214,0.8453393,26,608
c12e,1697656056071329,5.2431312,2.185987,0.83933938,25,618
c12e,1697656057072075,5.248733,2.1872678,0.84528142,29,628
c12e,1697656058071663,5.2383947,2.1926503,0.83052677,23,638
c12e,1697656059071298,5.235393,2.1939156,0.83189839,26,648
c12e,1697656060071285,5.2387981,2.1892319,0.82722056,25,658
c12e,1697656061072884,5.2376289,2.193969,0.82428622,25,668
c12e,1697656062074743,5.2517977,2.1994233,0.82032818,25,678
c12e,1697656063071347,5.2529769,2.205951,0.82517445,26,688
c12e,1697656064071318,5.2516418,2.1869667,0.83531731,29,698
c12e,1697656065071303,5.2448859,2.184278,0.83809566,27,708
c12e,1697656066071290,5.2566252,2.180232,0.84058028,28,718
c12e,1697656067072671,5.231823,2.1791542,0.85042822,28,728
c12e,1697656068072342,5.2322545,2.1814492,0.85625947,29,738
c12e,1697656069071713,5.2477865,2.17042,0.8779549,35,748
c12e,1697656070071798,5.2383356,2.1808832,0.86978132,26,758
c12e,1697656071071315,5.2285933,2.1922572,0.84303331,21,768
c12e,1697656072074163,5.2212477,2.1896465,0.8385244,25,778
c12e,1697656073071290,5.2195864,2.1835551,0.83883846,27,788
c12e,1697656074071268,5.22642,2.1736619,0.8378278,27,798
c12e,1697656075071627,5.2139125,2.1780806,0.83529311,25,808
c12e,1697656076073972,5.2255859,2.1753793,0.84398967,29,818
c12e,1697656077072231,5.2434978,2.1892343,0.84113389,26,828
c12e,1697656078071694,5.2315421,2.191987,0.83576703,25,838
c12e,1697656079071350,5.2230029,2.18169,0.8476544,29,848
c12e,1697656080071533,5.2301874,2.1758304,0.84547859,27,858
c12e,1697656081071483,5.2321453,2.1656334,0.84410816,27,868
c12e,1697656082071380,5.2409911,2.170541,0.84862494,29,878
c12e,1697656083071760,5.2381797,2.1796699,0.83563954,24,888
c12e,1697656084071404,5.2381539,2.1846564,0.82919437,25,898
c12e,1697656085071418,5.2289848,2.1857455,0.82421368,24,908
c12e,1697656086071456,5.2137289,2.1647992,0.82780409,26,918
c12e,1697656087071429,5.2000589,2.1624963,0.83013791,26,928
c12e,1697656088071882,5.2183375,2.1706085,0.83507907,28,938
c12e,1697656089071389,5.2350283,2.1764019,0.81569135,22,948
c12e,1697656090072328,5.2252684,2.1779311,0.81624621,25,958
c12e,1697656091072320,5.2176795,2.1802349,0.81190246,23,968
c12e,1697656092071457,5.2161918,2.1699195,0.82861763,29,978
c12e,1697656093071442,5.2305675,2.1709869,0.83444697,28,988
c12e,1697656094071807,5.2176456,2.1633954,0.84358144,28,998
c12e,1697656095072504,5.2052631,2.1600847,0.83923572,25,1008
c12e,1697656096071496,5.1995792,2.1622868,0.83146763,24,1018
c12e,1697656097072419,5.2189078,2.1558497,0.83465421,28,1028
c12e,1697656098072149,5.2133422,2.158118,0.83903134,27,1038
c12e,1697656099071814,5.2047992,2.1662595,0.82907182,23,1048
c12e,1697656100071452,5.2124553,2.1611547,0.8453545,31,1058
c12e,1697656101071568,5.2280521,2.1648893,0.8321529,24,1068
c12e,1697656102071559,5.2196345,2.163136,0.84119946,28,1078
c12e,1697656103071767,5.232058,2.17409,0.83491236,25,1088
c12e,1697656104072698,5.2305007,2.1767418,0.82995248,25,1098
c12e,1697656105071557,5.2391562,2.1848428,0.82085526,24,1108
c12e,1697656106071470,5.24789,2.1854296,0.82489991,27,1118
c12e,1697656107072685,5.2475257,2.1710613,0.83210379,28,1128
c12e,1697656108073024,5.2642136,2.1791596,0.83393675,27,1138
c12e,1697656109071599,5.2632823,2.183845,0.830665,26,1148
c12e,1697656110071849,5.24579,2.1817076,0.82254112,23,1158
c12e,1697656111071549,5.2403245,2.1746829,0.835141,29,1168
c12e,1697656112071813,5.2366071,2.1647646,0.84821767,30,1178
c12e,1697656113071558,5.250772,2.15932,0.85363495,30,1188
c12e,1697656114071593,5.2542424,2.1685009,0.83347142,23,1198
c12e,1697656115072896,5.2396412,2.1588802,0.85809147,33,1208
c12e,1697656116072404,5.2373276,2.1497269,0.86902213,31,1218
c12e,1697656117072393,5.2385759,2.161664,0.8598873,26,1228
c12e,1697656118071652,5.2338786,2.1541345,0.8588959,28,1238
c12e,1697656119071518,5.2261724,2.1641243,0.85747546,27,1248
c12e,1697656120072060,5.2236991,2.175777,0.85802591,27,1258
c12e,1697656121072339,5.20376,2.1708393,0.86303341,28,1268
c12e,1697656122071536,5.2198291,2.1692743,0.86334956,29,1278
c12e,1697656123072392,5.2268429,2.1788294,0.84379184,23,1288
c12e,1697656124072582,5.2303915,2.1737244,0.84315181,27,1298
c12e,1697656125071560,5.2147474,2.1816719,0.82543373,21,1308
c12e,1697656126071612,5.2056928,2.1850727,0.82297194,24,1318
c12e,1697656127072168,5.2087712,2.1892593,0.82382607,25,1328
c12e,1697656128071617,5.2143803,2.18725,0.84036106,30,1338
c12e,1697656129071593,5.2181444,2.1804268,0.84628922,28,1348
c12e,1697656130071617,5.2198534,2.1598556,0.85286844,30,1358
c12e,1697656131071594,5.2383609,2.1512914,0.85676539,30,1368
c12e,1697656132071587,5.2328229,2.167959,0.83789366,22,1378
c12e,1697656133071926,5.2329221,2.1706402,0.84059995,27,1388
c12e,1697656134072332,5.2443352,2.1853082,0.829696,24,1398
c12e,1697656135071762,5.2454143,2.1880219,0.82508409,25,1408
c12e,1697656136071915,5.2459226,2.1887283,0.82849741,27,1418
c12e,1697656137074564,5.2482858,2.1934447,0.83303857,27,1428
c12e,1697656138072068,5.2338791,2.1858847,0.8535468,31,1438
c12e,1697656139071948,5.22533,2.1959229,0.83957374,23,8
c12e,1697656140071852,5.2236032,2.1785121,0.84162229,28,18
c12e,1697656141071666,5.2256002,2.1664467,0.84854537,29,28
c12e,1697656142072226,5.2236295,2.1651778,0.8490985,27,38
c12e,1697656143071685,5.2136383,2.1589358,0.8451485,26,48
c12e,1697656144072888,5.2273922,2.1699696,0.84761947,28,58
c12e,1697656145071637,5.2279596,2.1775396,0.84559149,26,68
c12e,1697656146072485,5.2323494,2.1739087,0.85752839,31,78
c12e,1697656147072523,5.2310467,2.170239,0.85223895,27,88
c12e,1697656148072928,5.2159896,2.1698329,0.86217034,29,98
c12e,1697656149071769,5.21176,2.1772017,0.86232293,27,108
c12e,1697656150073124,5.2166185,2.1867149,0.85590434,26,118
c12e,1697656151076372,5.2242908,2.1954432,0.84839547,25,128
c12e,1697656152071652,5.232039,2.1977735,0.83117008,23,138
c12e,1697656153071779,5.2441478,2.1855717,0.84156132,30,148
c12e,1697656154071697,5.2344146,2.1666903,0.85072166,30,158
c12e,1697656155071670,5.2321868,2.1755645,0.85120523,27,168
c12e,1697656156072040,5.2302265,2.1581962,0.85980028,30,178
c12e,1697656157071962,5.2311668,2.1433382,0.88332522,35,188
c12e,1697656158073086,5.2338805,2.1544189,0.87339276,27,198
c12e,1697656159071727,5.243063,2.1603475,0.865263,49,208
c12e,1697656160071716,5.2529073,2.1652331,0.86164188,28,218
c12e,1697656161072066,5.2374339,2.1789806,0.8460204,23,228
c12e,1697656162071747,5.2242651,2.178251,0.83263952,23,238
c12e,1697656163071757,5.2182012,2.1788087,0.82570213,24,248
c12e,1697656164071760,5.225327,2.1845751,0.83125877,27,258
c12e,1697656165071777,5.2286077,2.1822631,0.84538966,30,268
c12e,1697656166071721,5.2350035,2.1873143,0.84364939,27,278
c12e,1697656167073376,5.2313581,2.1926923,0.84435052,27,288
c12e,1697656168071995,5.2322822,2.2039378,0.83783919,25,298
c12e,1697656169071762,5.2379608,2.2101793,0.83069885,24,308
c12e,1697656170072610,5.2222462,2.1949155,0.84222168,29,318
c12e,1697656171073879,5.2195368,2.1968119,0.85263407,29,328
c12e,1697656172073224,5.2110658,2.2018516,0.8404963,23,338
c12e,1697656173072773,5.2029505,2.1909168,0.84849894,28,348
c12e,1697656174071827,5.2075353,2.1942782,0.8438375,26,358
c12e,1697656175071854,5.2288361,2.195066,0.83657843,26,368
c12e,1697656176071856,5.2180734,2.1919608,0.84156621,27,378
c12e,1697656177071861,5.2202625,2.1889932,0.83974338,26,388
c12e,1697656178072180,5.2049155,2.1850593,0.83949274,26,398
c12e,1697656179071867,5.1887951,2.1755526,0.85023427,28,408
c12e,1697656180071857,5.19927,2.1813738,0.85146856,27,418
c12e,1697656181073744,5.2142587,2.1841741,0.850713,27,428
c12e,1697656182072889,5.2329555,2.1835759,0.84449714,26,438
c12e,1697656183072203,5.2352118,2.1931999,0.83129424,23,448
c12e,1697656184072162,5.2411981,2.1922581,0.827564,25,458
c12e,1697656185071906,5.2313309,2.1837885,0.83527547,28,468
c12e,1697656186071906,5.2317619,2.1748421,0.83299321,26,478
c12e,1697656187071973,5.216486,2.1790018,0.82314509,23,488
c12e,1697656188072240,5.203639,2.1796651,0.81884652,23,498
c12e,1697656189071968,5.2125311,2.1766319,0.82373673,27,508
c12e,1697656190071911,5.2243214,2.1754243,0.830425,28,518
c12e,1697656191072920,5.2168007,2.1678848,0.85306257,32,528
c12e,1697656192072192,5.2371173,2.1800394,0.84655344,26,538
c12e,1697656193073331,5.2307677,2.182251,0.82783449,22,548
c12e,1697656194073072,5.228982,2.1818869,0.82765114,26,558
c12e,1697656195071936,5.233891,2.1863153,0.81388134,22,568
c12e,1697656196072879,5.2343316,2.180944,0.81024653,24,578
c12e,1697656197072839,5.2362442,2.191226,0.80560625,23,588
c12e,1697656198073861,5.2380104,2.1924798,0.80729628,25,598
c12e,1697656199071949,5.2391953,2.1885035,0.82313055,29,608
c12e,1697656200073496,5.2370224,2.1810534,0.83734572,30,618
c12e,1697656201073284,5.2246361,2.1816158,0.83105338,24,628
c12e,1697656202071953,5.2280169,2.1808536,0.81744415,23,638
c12e,1697656203071992,5.2401323,2.1757929,0.83169711,30,648
c12e,1697656204072808,5.2397518,2.1781378,0.82488662,24,658
c12e,1697656205071888,5.2406788,2.175787,0.82408613,26,668
c12e,1697656206074346,5.2519703,2.18683,0.81772006,24,678
c12e,1697656207071994,5.2569165,2.1984882,0.81674314,25,688
c12e,1697656208072046,5.2456594,2.2004609,0.82361233,26,698
c12e,1697656209073720,5.2421579,2.1912894,0.83065486,28,708
c12e,1697656210071906,5.2297587,2.1876328,0.82754678,25,718
c12e,1697656211072474,5.2184834,2.1839178,0.81969762,23,728
c12e,1697656212071952,5.2138085,2.1952837,0.81329036,23,738
c12e,1697656213071948,5.2201171,2.1951516,0.82622063,28,748
c12e,1697656214072001,5.2305026,2.1878481,0.83206165,28,758
c12e,1697656215072009,5.2261763,2.1861141,0.84046495,28,768
c12e,1697656216073392,5.2213621,2.178355,0.84557331,28,778
c12e,1697656217073028,5.2322097,2.1750917,0.85756069,31,788
c12e,1697656218072822,5.2329254,2.1830633,0.84205252,24,798
c12e,1697656219073220,5.2439194,2.1939821,0.836543,25,808
c12e,1697656220071984,5.2413759,2.194195,0.84395838,28,818
c12e,1697656221072552,5.2309852,2.1960387,0.83371812,24,828
c12e,1697656222072374,5.2217941,2.1924932,0.84088182,28,838
c12e,1697656223072350,5.2170157,2.2068117,0.83053637,23,848
c12e,1697656224071997,5.2292733,2.2062106,0.82602739,25,858
c12e,1697656225072482,5.2272682,2.1964631,0.84126556,30,868
c12e,1697656226072917,5.2168093,2.1930165,0.83608997,25,878
c12e,1697656227072023,5.2307234,2.1955409,0.8249656,24,888
c12e,1697656228072033,5.2347198,2.2057714,0.81775177,23,898
c12e,1697656229072051,5.2426357,2.1993697,0.81782788,26,908
c12e,1697656230072036,5.2441359,2.1932368,0.83460581,30,918
c12e,1697656231072137,5.2340817,2.1719103,0.84248471,29,928
c12e,1697656232072298,5.236793,2.1648567,0.85176438,30,938
c12e,1697656233072154,5.2298403,2.1690378,0.82690096,21,948
c12e,1697656234072132,5.2197356,2.1618941,0.83722204,28,958
c12e,1697656235072049,5.2350407,2.1712024,0.81952703,22,968
c12e,1697656236072072,5.2384958,2.1614964,0.84338164,32,978
c12e,1697656237072527,5.2333236,2.1699338,0.8409763,26,988
c12e,1697656238072082,5.249332,2.1694369,0.833571,26,998
c12e,1697656239072183,5.2490368,2.1720216,0.83258164,26,1008
c12e,1697656240072190,5.2305794,2.177192,0.82749641,24,1018
c12e,1697656241073503,5.23108,2.1928778,0.82625043,25,1028
c12e,1697656242072579,5.220912,2.1878543,0.82727534,26,1038
c12e,1697656243072198,5.2172222,2.1978388,0.82247436,24,1048
c12e,1697656244072192,5.2116604,2.1927052,0.82826251,27,1058
c12e,1697656245072185,5.2282796,2.2033195,0.82734656,48,1068
c12e,1697656246073188,5.2252388,2.1967368,0.83062422,27,1078
c12e,1697656247072791,5.2265277,2.1948178,0.83957529,28,1088
c12e,1697656248072247,5.24199,2.1875114,0.84986693,30,1098
c12e,1697656249072148,5.2427597,2.1951246,0.83798647,24,1108
c12e,1697656250072208,5.2608085,2.1844475,0.85131288,31,1118
c12e,1697656251072270,5.259809,2.1754615,0.85076511,28,1128
c12e,1697656252072163,5.2557464,2.1745946,0.84257138,26,1138
c12e,1697656253073585,5.2454472,2.1677926,0.83256364,24,1148
c12e,1697656254073254,5.2363381,2.1610885,0.82722276,25,1158
c12e,1697656255073148,5.2310123,2.1562002,0.84098023,30,1168
c12e,1697656256072157,5.2332497,2.1594737,0.82555979,23,1178
c12e,1697656257072229,5.22409,2.1584525,0.84426332,30,1188
c12e,1697656258072313,5.2248511,2.1654727,0.84892207,28,1198
c12e,1697656259072609,5.2258754,2.1600878,0.85749942,30,1208
c12e,1697656260072258,5.2277489,2.1672008,0.84361494,24,1218
c12e,1697656261073186,5.2269382,2.1702673,0.83446139,24,1228
c12e,1697656262079234,5.2339883,2.1771953,0.83132863,26,1238
c12e,1697656263072276,5.2557273,2.1834464,0.82812178,26,1248
c12e,1697656264074682,5.2461476,2.1831281,0.83325231,27,1258
c12e,1697656265072230,5.2375054,2.1804631,0.83122951,26,1268
c12e,1697656266072341,5.2275052,2.180301,0.817926,22,1278
c12e,1697656267072307,5.2170205,2.1858747,0.80435973,21,1288
c12e,1697656268072369,5.2028637,2.167604,0.81767493,27,1298
c12e,1697656269072228,5.2162871,2.1696317,0.83218426,29,1308
c12e,1697656270072600,5.2244725,2.165818,0.8552438,33,1318
c12e,1697656271072221,5.220212,2.165575,0.86294687,30,1328
c12e,1697656272073174,5.19102,2.1728075,0.84455657,21,1338
c12e,1697656273072360,5.1962972,2.1570892,0.87560117,36,1348
c12e,1697656274073222,5.1893511,2.1586113,0.85952389,24,1358
c12e,1697656275072706,5.1918559,2.1712434,0.85753369,27,1368
c12e,1697656276072361,5.1997733,2.1728148,0.85085219,26,1378
c12e,1697656277072400,5.2198939,2.1736221,0.8448723,27,1388
c12e,1697656278072440,5.2430372,2.1696844,0.85655659,31,1398
c12e,1697656279072461,5.2447023,2.175957,0.84909308,26,1408
c12e,1697656280073221,5.2563,2.18767,0.84416848,26,1418
c12e,1697656281074992,5.2502112,2.1857545,0.83251691,24,1428
c12e,1697656282072403,5.2453008,2.19682,0.826056,24,1438
c12e,1697656283072576,5.2455659,2.1864305,0.83959836,30,8
c12e,1697656284072790,5.2438593,2.1861022,0.83971769,27,18
c12e,1697656285072380,5.2441192,2.1838763,0.84531933,28,28
c12e,1697656286074105,5.2419038,2.1989961,0.8367672,24,38
c12e,1697656287072407,5.2528543,2.2082026,0.83142871,25,48
c12e,1697656288072485,5.2417984,2.1994522,0.83706164,27,58
c12e,1697656289072404,5.2502294,2.204891,0.83966351,27,68
c12e,1697656290072428,5.2389941,2.1887245,0.84578347,28,78
c12e,1697656291072368,5.2467256,2.1804254,0.85114074,29,88
c12e,1697656292072785,5.2565112,2.1741714,0.86356407,32,98
c12e,1697656293072519,5.2401357,2.178745,0.84972471,24,108
c12e,1697656294072420,5.2285452,2.1650574,0.84968424,27,118
c12e,1697656295072940,5.2233872,2.1599097,0.86868882,32,128
c12e,1697656296072518,5.2092366,2.1650155,0.8658579,27,138
c12e,1697656297072432,5.213418,2.152503,0.88123077,33,148
c12e,1697656298072514,5.2181964,2.1533973,0.87973011,29,158
c12e,1697656299072523,5.2259383,2.1681514,0.86692685,26,168
c12e,1697656300072395,5.2309895,2.1557169,0.86649686,29,178
c12e,1697656301072677,5.2411447,2.1695223,0.8509298,25,188
c12e,1697656302073872,5.2401776,2.1704967,0.84803295,27,198
c12e,1697656303073478,5.2423744,2.1880109,0.83213007,23,208
c12e,1697656304072458,5.2472553,2.19342,0.82952338,26,218
c12e,1697656305073431,5.2598577,2.198895,0.81729144,23,228
c12e,1697656306072637,5.2426453,2.1972878,0.81502026,24,238
c12e,1697656307075386,5.2357426,2.1833496,0.83182836,30,248
c12e,1697656308073614,5.2176433,2.1791444,0.82612157,24,258
c12e,1697656309073874,5.2112975,2.176075,0.82693112,26,268
c12e,1697656310073027,5.21283,2.1723607,0.82391989,25,278
c12e,1697656311074754,5.2021365,2.1722021,0.82184207,24,288
c12e,1697656312073338,5.2138186,2.1797881,0.82626766,27,298
c12e,1697656313073806,5.2150927,2.1849892,0.82127672,24,308
c12e,1697656314072619,5.2302589,2.1780314,0.84465921,33,318
c12e,1697656315072534,5.2264457,2.1764784,0.85061514,28,328
c12e,1697656316072653,5.2253966,2.1908002,0.84611648,25,338
c12e,1697656317072580,5.219348,2.1877923,0.8576929,30,348
c12e,1697656318073102,5.2080569,2.1844363,0.86615437,29,358
c12e,1697656319073410,5.2306671,2.1925361,0.85649252,26,368
c12e,1697656320072634,5.2298098,2.18502,0.85052729,26,378
c12e,1697656321072974,5.2431221,2.1793633,0.85018307,28,388
c12e,1697656322072835,5.2347155,2.1774876,0.84602964,26,398
c12e,1697656323072830,5.21719,2.1805069,0.83919996,24,408
c12e,1697656324072936,5.2070017,2.1771562,0.837761,26,418
c12e,1697656325076381,5.1986403,2.1740282,0.84489185,28,428
c12e,1697656326072550,5.2221026,2.18302,0.84248829,27,438
c12e,1697656327072649,5.2309771,2.1894014,0.83256197,24,448
c12e,1697656328072822,5.2503424,2.1772375,0.83816415,29,458
c12e,1697656329072958,5.2408528,2.1688256,0.83226854,25,468
c12e,1697656330072761,5.2466083,2.1690712,0.8426224,29,478
c12e,1697656331073897,5.2422071,2.1744566,0.82688338,23,488
c12e,1697656332073524,5.24011,2.1804159,0.82677704,26,498
c12e,1697656333072639,5.2505603,2.183919,0.81637293,24,508
c12e,1697656334072996,5.2506256,2.1871037,0.82192314,27,518
c12e,1697656335072648,5.2485743,2.1905174,0.82364285,26,528
c12e,1697656336073022,5.2198577,2.1706102,0.819925,24,538
c12e,1697656337072686,5.2281785,2.1789815,0.81184888,23,548
c12e,1697656338073572,5.2330432,2.1667395,0.8253231,29,558
c12e,1697656339074019,5.2299886,2.1805596,0.82692361,25,568
c12e,1697656340073520,5.2185016,2.1797786,0.82331872,24,578
c12e,1697656341072705,5.2230239,2.1817896,0.81975496,25,588
c12e,1697656342073104,5.2297692,2.182941,0.83623475,30,598
c12e,1697656343073212,5.2382708,2.1788535,0.84654921,30,608
c12e,1697656344072742,5.246316,2.1818149,0.85030174,29,618
c12e,1697656345073050,5.2328272,2.1788926,0.84413528,25,628
c12e,1697656346072726,5.2342725,2.1727695,0.83748484,26,638
c12e,1697656347072807,5.2517676,2.184684,0.82505614,24,648
c12e,1697656348072757,5.2363038,2.17765,0.83107203,27,658
c12e,1697656349073429,5.2363,2.1777353,0.82832271,25,668
c12e,1697656350073508,5.2143178,2.170619,0.83316088,26,678
c12e,1697656351073633,5.1958585,2.1756139,0.8292622,24,688
c12e,1697656352074174,5.2049561,2.1775296,0.82928979,26,698
c12e,1697656353073872,5.2031231,2.1688104,0.83046162,26,708
c12e,1697656354073670,5.1922359,2.175668,0.82604092,24,718
c12e,1697656355074163,5.1959319,2.1713262,0.83380532,28,728
c12e,1697656356072827,5.2015934,2.1745148,0.8405115,28,738
c12e,1697656357072819,5.2141013,2.1780725,0.84581548,28,748
c12e,1697656358072796,5.210794,2.1734953,0.85413218,29,758
c12e,1697656359072850,5.1955314,2.1739652,0.85400158,26,768
c12e,1697656360072901,5.2065034,2.1833882,0.8344081,22,778
c12e,1697656361073256,5.2159147,2.1845853,0.84364933,29,788
c12e,1697656362073070,5.2133927,2.1746504,0.83284193,24,798
c12e,1697656363072858,5.2214189,2.1841183,0.8388108,28,808
c12e,1697656364073230,5.2210593,2.1725762,0.84118462,28,818
c12e,1697656365073024,5.2272973,2.1742074,0.84943956,29,828
c12e,1697656366075139,5.2307215,2.1778812,0.85308868,28,838
c12e,1697656367073104,5.2356329,2.1701136,0.85846555,30,848
c12e,1697656368072852,5.2377896,2.17633,0.84195966,24,858
c12e,1697656369072857,5.2200723,2.1884122,0.82996672,22,868
c12e,1697656370073698,5.2425056,2.18944,0.830276,27,878
c12e,1697656371073692,5.2216053,2.1754296,0.84788316,30,888
c12e,1697656372073302,5.2266278,2.1760328,0.85875505,30,898
c12e,1697656373072922,5.2162175,2.1675904,0.85535985,27,908
c12e,1697656374072883,5.2196231,2.1705399,0.84297395,24,918
c12e,1697656375072880,5.2100949,2.1648641,0.85507452,30,928
c12e,1697656376073906,5.2154603,2.1637845,0.85519546,28,938
c12e,1697656377073526,5.2134652,2.1689181,0.83932078,23,948
c12e,1697656378073824,5.2090683,2.1784022,0.83257884,24,958
c12e,1697656379072944,5.2163286,2.1760051,0.830142,26,968
c12e,1697656380072958,5.2121911,2.1798928,0.83504689,27,978
c12e,1697656381073170,5.2280612,2.1862791,0.83391064,26,988
c12e,1697656382073675,5.23413,2.1841478,0.82960385,25,998
c12e,1697656383072940,5.2228532,2.1799963,0.8277688,25,1008
c12e,1697656384072939,5.2412806,2.1883585,0.81308115,22,1018
c12e,1697656385073214,5.2331729,2.1886618,0.8097378,24,1028
c12e,1697656386073306,5.2492728,2.1960762,0.81032,25,1038
c12e,1697656387073584,5.234159,2.1913772,0.801735,22,1048
c12e,1697656388073217,5.2354455,2.186228,0.8099705,27,1058
c12e,1697656389072944,5.2302132,2.1786046,0.82938677,30,1068
c12e,1697656390072945,5.2117777,2.173872,0.83765703,46,1078
c12e,1697656391072927,5.2018509,2.173486,0.83004534,24,1088
c12e,1697656392074282,5.2080603,2.1820095,0.82877761,25,1098
c12e,1697656393072959,5.2161722,2.1890619,0.81928253,23,1108
c12e,1697656394072988,5.2260938,2.1884921,0.82661259,28,1118
c12e,1697656395073026,5.2336359,2.175204,0.82700974,27,1128
c12e,1697656396073684,5.2258329,2.1766806,0.82828629,26,1138
c12e,1697656397073002,5.2156563,2.165761,0.84455025,30,1148
c12e,1697656398073386,5.2294941,2.1721163,0.8399325,26,1158
c12e,1697656399073944,5.2404737,2.1619484,0.85944235,33,1168
c12e,1697656400073080,5.2528219,2.1750596,0.8507871,26,1178
c12e,1697656401073040,5.245121,2.1804338,0.84235066,25,1188
c12e,1697656402073017,5.23647,2.1727049,0.8356387,25,1198
c12e,1697656403073143,5.2332091,2.1730962,0.83536035,26,1208
c12e,1697656404073346,5.2264504,2.1721439,0.834057,26,1218
c12e,1697656405073052,5.2427588,2.1795878,0.83334315,27,1228
c12e,1697656406073477,5.2486315,2.1789119,0.83942056,28,1238
c12e,1697656407073293,5.2409916,2.1877794,0.841322,27,1248
c12e,1697656408073075,5.249176,2.1859832,0.8511861,30,1258
c12e,1697656409073688,5.2445183,2.1901124,0.8335079,23,1268
c12e,1697656410073095,5.237093,2.1932254,0.82994884,25,1278
c12e,1697656411074468,5.2529569,2.1899698,0.84139591,30,1288
c12e,1697656412073142,5.2461748,2.1886518,0.83481514,25,1298
c12e,1697656413073089,5.2574911,2.1794434,0.83381039,27,1308
c12e,1697656414073170,5.2411351,2.1815364,0.83218843,25,1318
c12e,1697656415073478,5.235805,2.1766427,0.83471197,27,1328
c12e,1697656416073349,5.2420545,2.1759138,0.84166068,29,1338
c12e,1697656417073091,5.25163,2.1767612,0.83705664,26,1348
c12e,1697656418073151,5.2568731,2.1849434,0.83269632,49,1358
c12e,1697656419073401,5.2530608,2.1823726,0.83916628,28,1368
c12e,1697656420073100,5.2393332,2.183388,0.830847,24,1378
c12e,1697656421073415,5.2460375,2.1809533,0.83848965,29,1388
c12e,1697656422073116,5.260169,2.1869764,0.83528429,26,1398
c12e,1697656423073206,5.2374554,2.1895683,0.83399862,25,1408
c12e,1697656424073138,5.2539415,2.1805906,0.83570504,28,1418
c12e,1697656425073307,5.2418914,2.1913753,0.83850914,46,1428
c12e,1697656426073536,5.2334218,2.1912472,0.83381903,25,1438
c12e,1697656427073141,5.2382865,2.1919456,0.83384383,26,8
c12e,1697656428073190,5.230062,2.1829839,0.82771969,25,18
c12e,1697656429074140,5.223855,2.1790891,0.83435965,27,28
c12e,1697656430073256,5.2202783,2.1805532,0.821636,23,38
c12e,1697656431074259,5.2287316,2.1767797,0.84017277,31,48
c12e,1697656432075157,5.2475696,2.1884265,0.8349629,26,58
c12e,1697656433074316,5.2541752,2.1873026,0.8364076,27,68
c12e,1697656434073516,5.2415204,2.1931043,0.83596808,26,78
c12e,1697656435073168,5.2413855,2.200629,0.82987177,24,88
c12e,1697656436073126,5.2553821,2.2033989,0.82723063,26,98
c12e,1697656437074024,5.2589407,2.1982138,0.83479774,28,108
c12e,1697656438073163,5.2555771,2.1901796,0.83036572,26,118
c12e,1697656439073330,5.2626815,2.1921482,0.83381265,27,128
c12e,1697656440075020,5.2607994,2.1851249,0.835044,27,138
c12e,1697656441073245,5.2492285,2.1870177,0.83385885,26,148
c12e,1697656442075432,5.2705145,2.1966362,0.83009017,26,158
c12e,1697656443073997,5.270812,2.1924889,0.8357771,28,168
c12e,1697656444073222,5.2670031,2.1979082,0.83665419,27,178
c12e,1697656445076190,5.2437396,2.1795104,0.83015156,25,188
c12e,1697656446078350,5.2455459,2.1939926,0.82634383,25,198
c12e,1697656447073204,5.2643743,2.1875777,0.83758414,30,208
c12e,1697656448073462,5.2653871,2.1943598,0.83539629,26,218
c12e,1697656449073257,5.2605147,2.1982403,0.83279455,26,228
c12e,1697656450073247,5.2425,2.1925392,0.83336568,26,238
c12e,1697656451073243,5.2294326,2.1961856,0.81964606,22,248
c12e,1697656452073265,5.2365246,2.1923759,0.81771594,25,258
c12e,1697656453073244,5.2376766,2.1940377,0.80873477,23,268
c12e,1697656454073526,5.2421861,2.1822109,0.82491487,30,278
c12e,1697656455073407,5.2474236,2.1726627,0.83559746,49,288
c12e,1697656456074738,5.2418466,2.1776316,0.83366042,26,298
c12e,1697656457074325,5.2428818,2.1788325,0.82493049,24,308
c12e,1697656458074186,5.2292981,2.1856892,0.82420617,25,318
c12e,1697656459073746,5.2176557,2.1831303,0.81835735,23,328
c12e,1697656460074660,5.2148628,2.1752563,0.82090837,26,338
c12e,1697656461074159,5.2209315,2.1809959,0.82200509,26,348
c12e,1697656462074163,5.2259822,2.1761582,0.8258751,27,358
c12e,1697656463073352,5.2342181,2.1863766,0.82122684,24,368
c12e,1697656464073297,5.2397923,2.196166,0.82584846,26,378
c12e,1697656465073571,5.2334571,2.1936367,0.83787692,29,388
c12e,1697656466073264,5.2228522,2.1908691,0.84219861,27,398
c12e,1697656467073530,5.2405252,2.1991308,0.82815504,23,408
c12e,1697656468074271,5.2399383,2.2000775,0.82267237,24,418
c12e,1697656469073272,5.2369046,2.1878874,0.82290524,26,428
c12e,1697656470073302,5.2174954,2.1935952,0.8217451,24,438
c12e,1697656471073287,5.2257323,2.1927707,0.81010747,23,448
c12e,1697656472073328,5.2240782,2.1963813,0.80734414,24,458
c12e,1697656473073314,5.2240014,2.188848,0.80210412,23,468
c12e,1697656474073374,5.2188382,2.1849561,0.81539339,27,478
c12e,1697656475074232,5.2414804,2.1835916,0.82304591,28,488
c12e,1697656476078273,5.2364144,2.1896656,0.81499147,23,498
c12e,1697656477074576,5.2250571,2.1735106,0.830953,29,508
c12e,1697656478073641,5.2343135,2.1664362,0.83616567,28,518
c12e,1697656479073520,5.2262306,2.1762149,0.82490164,23,528
c12e,1697656480073402,5.2457471,2.1794953,0.82762384,27,538
c12e,1697656481073422,5.2547483,2.1731145,0.83189034,28,548
c12e,1697656482073720,5.2445407,2.1731167,0.83708787,27,558
c12e,1697656483074305,5.2356806,2.1695583,0.83995944,27,568
c12e,1697656484073448,5.2444353,2.1733446,0.82074064,22,578
c12e,1697656485073409,5.2505054,2.1599309,0.82468468,28,588
c12e,1697656486073524,5.2484169,2.1608212,0.82191241,25,598
c12e,1697656487073736,5.2393179,2.1577585,0.83324212,29,608
c12e,1697656488073446,5.2288451,2.1523719,0.83531493,27,618
c12e,1697656489073400,5.2374024,2.1586757,0.8390649,28,628
c12e,1697656490074639,5.2282219,2.1529059,0.841481,27,638
c12e,1697656491073440,5.2079363,2.1575396,0.8385756,25,648
c12e,1697656492073840,5.204494,2.1523614,0.83752424,26,658
c12e,1697656493073982,5.2198544,2.1653109,0.84019089,27,668
c12e,1697656494073464,5.2217236,2.1731026,0.8341037,25,678
c12e,1697656495073622,5.2165103,2.1754324,0.82091624,22,688
c12e,1697656496073494,5.2272387,2.1813524,0.82594377,27,698
c12e,1697656497073478,5.2250319,2.1897733,0.82240349,24,708
c12e,1697656498073868,5.2227373,2.1898682,0.80565888,21,718
c12e,1697656499073888,5.2318864,2.1999879,0.80247813,23,728
c12e,1697656500074360,5.2464805,2.2023177,0.81274861,27,738
c12e,1697656501073501,5.2401834,2.1898901,0.81189317,25,748
c12e,1697656502074432,5.2646747,2.1817,0.8238399,30,758
c12e,1697656503073556,5.2521996,2.1816661,0.81434512,23,768
c12e,1697656504073510,5.2455521,2.1731303,0.8196947,27,778
c12e,1697656505074672,5.2485394,2.1726353,0.82051224,26,788
c12e,1697656506074359,5.2565932,2.177577,0.81753504,25,798
c12e,1697656507075194,5.2345,2.1735561,0.83103931,28,808
c12e,1697656508074742,5.2351508,2.1803765,0.83076817,26,818
c12e,1697656509073599,5.2258077,2.1761959,0.84006786,28,828
c12e,1697656510073602,5.2277431,2.1732068,0.83195269,25,838
c12e,1697656511073586,5.2478523,2.1750951,0.84056044,29,848
c12e,1697656512073790,5.2462306,2.1857414,0.84696722,28,858
c12e,1697656513073536,5.240952,2.1874406,0.84218776,26,868
c12e,1697656514074092,5.2494574,2.1862254,0.84575272,28,878
c12e,1697656515073590,5.2468204,2.1791258,0.8467316,28,888
c12e,1697656516073520,5.2692556,2.1791208,0.84549034,28,898
c12e,1697656517074696,5.2558422,2.1821704,0.84559309,27,908
c12e,1697656518074481,5.2491975,2.1834219,0.84779555,28,918
c12e,1697656519074986,5.2451806,2.1899049,0.8447547,26,928
c12e,1697656520073600,5.2599483,2.195344,0.84489924,28,938
c12e,1697656521073685,5.2578282,2.1852114,0.83542252,25,948
c12e,1697656522073518,5.2607818,2.1845951,0.82314652,24,958
c12e,1697656523073966,5.2483082,2.1758912,0.83021283,27,968
c12e,1697656524076876,5.2633429,2.1827185,0.83261913,27,978
c12e,1697656525073620,5.2689648,2.1935875,0.83114636,26,988
c12e,1697656526074535,5.2678871,2.184895,0.83948272,29,998
c12e,1697656527073656,5.2588782,2.1812344,0.84067851,27,1008
c12e,1697656528074530,5.2411547,2.1676242,0.8333137,25,1018
c12e,1697656529073861,5.2496829,2.1730173,0.82829714,25,1028
c12e,1697656530074166,5.2507119,2.1687331,0.84807688,32,1038
c12e,1697656531073612,5.2585483,2.176769,0.83933091,25,1048
c12e,1697656532073698,5.2717352,2.1828644,0.82957721,25,1058
c12e,1697656533074548,5.2575636,2.1885538,0.83503693,27,1068
c12e,1697656534074874,5.247035,2.1961129,0.835434,26,1078
c12e,1697656535073730,5.2098565,2.1847408,0.84033388,26,1088
c12e,1697656536074247,5.1905432,2.1803408,0.84371412,26,1098
c12e,1697656537073686,5.1953564,2.1806698,0.838395,25,1108
c12e,1697656538073622,5.2063632,2.1782057,0.84651417,29,1118
c12e,1697656539073651,5.2174711,2.1828589,0.83563954,24,1128
c12e,1697656540073685,5.2374659,2.1799223,0.81988925,23,1138
c12e,1697656541075520,5.2430964,2.1803277,0.82473892,27,1148
c12e,1697656542073751,5.2353768,2.1739953,0.83345509,28,1158
c12e,1697656543073740,5.2195621,2.1635613,0.8421095,28,1168
c12e,1697656544073784,5.2228842,2.1734202,0.83342624,24,1178
c12e,1697656545074171,5.2273579,2.1842074,0.82977748,25,1188
c12e,1697656546073780,5.2379413,2.1838372,0.82773334,26,1198
c12e,1697656547073714,5.238184,2.1889324,0.83413059,27,1208
c12e,1697656548073712,5.233726,2.169553,0.84938532,31,1218
c12e,1697656549075638,5.2332554,2.1713457,0.83734137,24,1228
c12e,1697656550074750,5.2222977,2.1736693,0.82987928,24,1238
c12e,1697656551074020,5.2199731,2.173861,0.84072578,29,1248
c12e,1697656552074118,5.2056274,2.1715653,0.83877957,25,1258
c12e,1697656553073777,5.21475,2.1679652,0.84332621,28,1268
c12e,1697656554073807,5.2077594,2.1798511,0.83735484,24,1278
c12e,1697656555073727,5.2324967,2.1730888,0.83113265,26,1288
c12e,1697656556074193,5.2224331,2.183593,0.83683985,27,1298
c12e,1697656557073871,5.2032108,2.1736319,0.84882432,29,1308
c12e,1697656558073788,5.20835,2.1595085,0.8603034,31,1318
c12e,1697656559075026,5.2237844,2.1787283,0.84994942,25,1328
c12e,1697656560074012,5.2235641,2.181201,0.84744805,26,1338
c12e,1697656561073807,5.2239256,2.1848869,0.83279288,23,1348
c12e,1697656562073861,5.2264314,2.1829998,0.82283849,24,1358
c12e,1697656563075210,5.243103,2.1914785,0.82424074,26,1368
c12e,1697656564073816,5.2201886,2.1847751,0.81823176,23,1378
c12e,1697656565073900,5.2273674,2.1807621,0.8277958,28,1388
c12e,1697656566073921,5.2354064,2.1861689,0.83018029,27,1398
c12e,1697656567073837,5.2466636,2.1860638,0.83555496,28,1408
c12e,1697656568075554,5.2520757,2.1739376,0.84522021,30,1418
c12e,1697656569077916,5.242732,2.1725852,0.84292489,26,1428
c12e,1697656570073991,5.2390842,2.1851916,0.8289277,23,1438
c12e,1697656571073804,5.2352443,2.1849103,0.82754731,25,8
c12e,1697656572073870,5.2297854,2.1872013,0.82436746,25,18
c12e,1697656573073810,5.2425556,2.1808507,0.83266163,29,28
c12e,1697656574074846,5.2528653,2.1835203,0.837391,28,38
c12e,1697656575073868,5.2531509,2.1959643,0.83446538,25,48
c12e,1697656576075150,5.2456141,2.1949458,0.83490717,26,58
c12e,1697656577074981,5.2509451,2.187686,0.84741569,30,68
c12e,1697656578074752,5.2433615,2.1877797,0.838714,25,78
c12e,1697656579074710,5.2414989,2.1812932,0.84777135,29,88
c12e,1697656580073916,5.2339692,2.1774588,0.84397936,26,98
c12e,1697656581073933,5.2297425,2.1838484,0.84465265,27,108
c12e,1697656582073912,5.2164664,2.1812935,0.83998549,25,118
c12e,1697656583073955,5.2276196,2.1943748,0.8339628,25,128
c12e,1697656584073936,5.2250371,2.1921527,0.82776737,24,138
c12e,1697656585074319,5.2294703,2.1806366,0.83279175,28,148
c12e,1697656586073936,5.2316608,2.1861532,0.83505327,27,158
c12e,1697656587073966,5.2182112,2.191823,0.80919045,19,168
c12e,1697656588073975,5.2188988,2.1832688,0.83153528,31,178
c12e,1697656589074054,5.2208815,2.1824741,0.8322202,26,188
c12e,1697656590074301,5.213263,2.1800516,0.83175266,26,198
c12e,1697656591074481,5.2116661,2.1830962,0.82490242,24,208
c12e,1697656592073956,5.208477,2.1803267,0.82771486,26,218
c12e,1697656593073932,5.1998119,2.172024,0.83696806,28,228
c12e,1697656594074276,5.2140837,2.1753976,0.83481,26,238
c12e,1697656595074177,5.214488,2.1801958,0.8366524,26,248
c12e,1697656596074313,5.2295895,2.1885176,0.82943511,25,258
c12e,1697656597074060,5.2172527,2.184634,0.83939821,28,268
c12e,1697656598074044,5.23415,2.1852336,0.83830225,27,278
c12e,1697656599074024,5.2405062,2.1749382,0.825932,24,288
c12e,1697656600074452,5.2239265,2.1752589,0.81824648,23,298
c12e,1697656601074330,5.2288127,2.1728375,0.82903981,28,308
c12e,1697656602074495,5.2105184,2.1852841,0.82690185,24,318
c12e,1697656603073995,5.2085786,2.1774442,0.839705,29,328
c12e,1697656604074034,5.2055817,2.1836607,0.82877719,23,338
c12e,1697656605074046,5.2114625,2.1862271,0.81560189,22,348
c12e,1697656606074333,5.2080092,2.1821821,0.81778109,25,358
c12e,1697656607074021,5.21018,2.1781056,0.82117325,26,368
c12e,1697656608074418,5.2101336,2.1813066,0.83666021,29,378
c12e,1697656609074057,5.2110691,2.17401,0.8322202,25,388
c12e,1697656610075033,5.2240696,2.1749067,0.82779652,25,398
c12e,1697656611075470,5.2227721,2.1736128,0.82566082,25,408
c12e,1697656612074034,5.231204,2.1733327,0.83004266,27,418
c12e,1697656613074087,5.2358031,2.1694169,0.83437181,28,428
c12e,1697656614074318,5.2300172,2.1524637,0.8550626,32,438
c12e,1697656615074040,5.2253723,2.1467056,0.86389834,30,448
c12e,1697656616074465,5.22172,2.1368737,0.87742668,32,458
c12e,1697656617074433,5.217802,2.1417737,0.87846828,29,468
c12e,1697656618074047,5.211194,2.16213,0.86659831,25,478
c12e,1697656619074186,5.2106276,2.1673379,0.86062568,26,488
c12e,1697656620074156,5.2201223,2.1676383,0.841781,24,498
c12e,1697656621074064,5.2323251,2.1835473,0.83401448,25,508
c12e,1697656622074449,5.2236795,2.1878872,0.82833904,24,518
c12e,1697656623074097,5.2326164,2.2000515,0.82650131,25,528
c12e,1697656624075314,5.217382,2.1959236,0.82394147,24,538
c12e,1697656625074084,5.206614,2.187758,0.82938558,26,548
c12e,1697656626074164,5.2134037,2.1912582,0.818912,23,558
c12e,1697656627074134,5.2128839,2.1995394,0.81679285,24,568
c12e,1697656628074356,5.2298322,2.207881,0.81771278,25,578
c12e,1697656629075046,5.2277102,2.2069378,0.82976115,28,588
c12e,1697656630074746,5.2327709,2.198519,0.83158076,27,598
c12e,1697656631074362,5.2527108,2.1911571,0.83085531,27,608
c12e,1697656632074595,5.2588544,2.1985726,0.82125539,24,618
c12e,1697656633074835,5.2506204,2.1845407,0.81192029,23,628
c12e,1697656634074247,5.2340021,2.1735411,0.82633382,28,638
c12e,1697656635074202,5.2445483,2.1679094,0.84123743,31,648
c12e,1697656636075329,5.2441034,2.1624539,0.84289426,28,658
c12e,1697656637074138,5.2420259,2.1622715,0.841834,27,668
c12e,1697656638074847,5.2292461,2.1689963,0.83434272,24,678
c12e,1697656639074654,5.2159743,2.1600769,0.83846122,27,688
c12e,1697656640077026,5.2345257,2.1639252,0.85310906,31,698
c12e,1697656641074206,5.2299685,2.1611748,0.8514213,27,708
c12e,1697656642074248,5.2156549,2.1716795,0.84601772,25,718
c12e,1697656643075227,5.2206211,2.1660163,0.85709471,30,728
c12e,1697656644074203,5.2392144,2.1820295,0.85302413,27,738
c12e,1697656645074562,5.2293806,2.1760025,0.865737,31,748
c12e,1697656646074232,5.2212119,2.1500595,0.88335836,34,758
c12e,1697656647074801,5.242043,2.1538839,0.8819741,30,768
c12e,1697656648076687,5.2178059,2.1581223,0.87108,25,778
c12e,1697656649074366,5.2261229,2.1564128,0.84718728,23,788
c12e,1697656650074380,5.2348113,2.174053,0.8411718,25,798
c12e,1697656651074365,5.2334619,2.1697552,0.85706675,31,808
c12e,1697656652074930,5.2275848,2.1768694,0.83507371,22,818
c12e,1697656653074414,5.2446046,2.1817739,0.84078145,29,828
c12e,1697656654074453,5.225615,2.1726809,0.83302224,24,838
c12e,1697656655074404,5.2180543,2.1771049,0.83244735,25,848
c12e,1697656656074345,5.2242131,2.1678181,0.8473587,31,858
c12e,1697656657077089,5.2275076,2.1784689,0.84921747,27,868
c12e,1697656658074417,5.2319493,2.183104,0.82919586,22,878
c12e,1697656659074598,5.2339826,2.177278,0.83731467,28,888
c12e,1697656660074872,5.2393742,2.1772227,0.833956,26,898
c12e,1697656661074461,5.242805,2.1661973,0.84066015,29,908
c12e,1697656662075322,5.2309079,2.1689687,0.85101068,29,918
c12e,1697656663074530,5.2018785,2.16357,0.84058547,23,928
c12e,1697656664074384,100,100,100,0,938
c12e,1697656665075068,5.221168,2.1733317,0.85278088,30,948
c12e,1697656666074390,5.2360754,2.1712656,0.86215973,31,958
c12e,1697656667075224,5.2145243,2.1780565,0.84461457,22,968
c12e,1697656668075130,5.210938,2.1847117,0.84218562,26,978
c12e,1697656669074407,5.219193,2.1848068,0.83247036,24,988
c12e,1697656670074813,5.2218523,2.1818268,0.83659387,27,998
c12e,1697656671074464,5.2220507,2.1895716,0.83603388,26,1008
c12e,1697656672074441,5.2274766,2.185991,0.84867233,30,1018
c12e,1697656673075949,5.217669,2.1885865,0.84477586,25,1028
c12e,1697656674074703,5.2282987,2.188457,0.84155148,26,1038
c12e,1697656675074468,5.2477322,2.184772,0.84267849,28,1048
c12e,1697656676074841,5.2398748,2.1921654,0.83703214,25,1058
c12e,1697656677074491,5.2430153,2.1893804,0.83102703,25,1068
c12e,1697656678075690,5.2250981,2.1915352,0.82869464,24,1078
c12e,1697656679074795,5.2434478,2.1978605,0.82839769,26,1088
c12e,1697656680076728,5.2308931,2.1853211,0.82320523,24,1098
c12e,1697656681075214,5.2186456,2.1791577,0.83638519,28,1108
c12e,1697656682074499,5.210969,2.1673737,0.84324735,28,1118
c12e,1697656683074615,5.2230082,2.1728592,0.845479,28,1128
c12e,1697656684075115,5.2230134,2.1699677,0.84648752,27,1138
c12e,1697656685074422,5.2094259,2.1650789,0.85045069,27,1148
c12e,1697656686075807,5.2113919,2.1701808,0.84013331,24,1158
c12e,1697656687075238,5.2129264,2.1618972,0.835301,26,1168
c12e,1697656688075185,5.1984324,2.1592267,0.84100425,27,1178
c12e,1697656689074550,5.1953754,2.1615005,0.84352636,27,1188
c12e,1697656690074437,5.2104421,2.1747472,0.8335849,24,1198
c12e,1697656691075944,5.202857,2.1638505,0.83456779,26,1208
c12e,1697656692074620,5.218575,2.1715541,0.82296568,24,1218
c12e,1697656693075272,5.2106514,2.1695888,0.82583427,26,1228
c12e,1697656694074496,5.1908975,2.1717482,0.8261137,24,1238
c12e,1697656695074467,5.2071428,2.1848288,0.82666224,26,1248
c12e,1697656696074602,5.1943474,2.190661,0.82373303,24,1258
c12e,1697656697074596,5.1887536,2.1852586,0.82052475,24,1268
c12e,1697656698074616,5.1959414,2.1844673,0.83666909,29,1278
c12e,1697656699074741,5.2013626,2.1802862,0.82937825,25,1288
c12e,1697656700074832,5.2035913,2.185313,0.84918988,31,1298
c12e,1697656701075640,5.2161679,2.1871834,0.84034193,25,1308
c12e,1697656702075572,5.2306709,2.1787562,0.84378296,29,1318
c12e,1697656703075808,5.230876,2.1818383,0.8433938,27,1328
c12e,1697656704075676,5.2497134,2.1915705,0.83624274,25,1338
c12e,1697656705075021,5.2498112,2.1910851,0.84764934,30,1348
c12e,1697656706074688,5.2619824,2.1975229,0.84261376,26,1358
c12e,1697656707075770,5.2453051,2.194917,0.84056813,26,1368
c12e,1697656708074570,5.2316642,2.189394,0.84705371,28,1378
c12e,1697656709074496,5.2138619,2.1762373,0.84812135,27,1388
c12e,1697656710074524,5.216228,2.1749322,0.84565473,27,1398
c12e,1697656711074759,5.2191048,2.1758912,0.83776808,25,1408
c12e,1697656712074822,5.2194271,2.1867552,0.81957787,21,1418
c12e,1697656713075546,5.215301,2.1894481,0.81810415,24,1428
c12e,1697656714074628,5.2210345,2.1927619,0.82403761,27,1438
c12e,1697656715074692,5.2205796,2.1878324,0.83088338,27,8
c12e,1697656716074762,5.2262025,2.1790886,0.8515867,32,18
c12e,1697656717075065,5.2402983,2.1902363,0.84446877,26,28
c12e,1697656718074744,5.2211423,2.1787581,0.8604809,30,38
c12e,1697656719074882,5.2313952,2.1796122,0.853098,26,48
c12e,1697656720075499,5.2199287,2.185581,0.85345811,27,58
c12e,1697656721075441,5.2115469,2.1828914,0.85098559,26,68
c12e,1697656722075108,5.2136602,2.1776862,0.85790354,29,78
c12e,1697656723074670,5.2018194,2.1811094,0.86008978,27,88
c12e,1697656724074868,5.2270555,2.1887398,0.84966427,26,98
c12e,1697656725074901,5.2359052,2.1895521,0.8422246,26,108
c12e,1697656726074747,5.2329307,2.1829488,0.83803165,26,118
c12e,1697656727076621,5.2268782,2.1889956,0.83778787,26,128
c12e,1697656728074804,5.2216811,2.176429,0.839247,27,138
c12e,1697656729074754,5.221838,2.1762156,0.83418328,25,148
c12e,1697656730075671,5.2211485,2.1762288,0.82860672,25,158
c12e,1697656731075069,5.2059312,2.1767905,0.83317351,26,168
c12e,1697656732074733,5.2218189,2.1867239,0.83506024,27,178
c12e,1697656733075142,5.2235317,2.18198,0.84557152,29,188
c12e,1697656734074868,5.22217,2.1784613,0.85408288,29,198
c12e,1697656735074800,5.2199545,2.1815422,0.84518611,25,208
c12e,1697656736075178,5.2078104,2.1795835,0.84073406,25,218
c12e,1697656737074738,5.2151928,2.1780436,0.84945577,29,228
c12e,1697656738074892,5.2135472,2.1692324,0.85399073,29,238
c12e,1697656739075470,5.2217875,2.1758013,0.84537274,25,248
c12e,1697656740074782,5.2110081,2.1693494,0.83988029,25,258
c12e,1697656741074681,5.2150636,2.1753092,0.83478665,25,268
c12e,1697656742074757,5.2079949,2.1853588,0.83095014,24,278
c12e,1697656743075306,5.2074032,2.1841207,0.833029,26,288
c12e,1697656744075164,5.2221894,2.184747,0.836379,28,298
c12e,1697656745074750,5.2202921,2.1952903,0.83075356,24,308
c12e,1697656746075172,5.2364435,2.2090077,0.82832044,25,318
c12e,1697656747074810,5.2309117,2.2032928,0.83066922,26,328
c12e,1697656748074912,5.227736,2.2045734,0.82776755,25,338
c12e,1697656749074937,5.245326,2.2043526,0.83136654,27,348
c12e,1697656750075174,5.2527127,2.1980989,0.83857524,29,358
c12e,1697656751075004,5.2510896,2.1866238,0.85924524,33,368
c12e,1697656752078255,5.2325964,2.1742644,0.87464261,32,378
c12e,1697656753075145,5.2254095,2.1805918,0.85350287,23,388
c12e,1697656754075221,5.2218552,2.1813245,0.85774153,28,398
c12e,1697656755075320,5.2212934,2.1772602,0.84402722,24,408
c12e,1697656756074928,5.2296648,2.1800013,0.83239341,24,418
c12e,1697656757075800,5.230742,2.1769183,0.8432653,29,428
c12e,1697656758076134,5.2324328,2.1861966,0.83628213,25,438
c12e,1697656759075255,5.245482,2.1839678,0.8298263,25,448
c12e,1697656760074889,5.2257433,2.1847029,0.825864,24,458
c12e,1697656761075253,5.2311964,2.1786046,0.83240563,28,468
c12e,1697656762075032,5.4529538,2.1790187,0.85794842,46,478
c12e,1697656763074954,5.3912377,2.1790245,0.83939153,23,488
c12e,1697656764075447,5.3479533,2.1846666,0.84514052,28,498
c12e,1697656765075209,5.3445363,2.1831191,0.84636033,51,508
c12e,1697656766076463,5.3076777,2.1790004,0.83290881,23,518
c12e,1697656767075140,5.2739596,2.1729448,0.83502322,26,528
c12e,1697656768074944,5.2542248,2.1817212,0.83439755,25,538
c12e,1697656769075022,5.2624292,2.1832097,0.83248341,26,548
c12e,1697656770075734,5.2531013,2.1855421,0.83132488,26,558
c12e,1697656771078107,5.2648263,2.1955733,0.82268614,24,568
c12e,1697656772076075,5.2481632,2.1908317,0.83021766,27,578
c12e,1697656773075021,5.2525568,2.1925294,0.83656961,28,588
c12e,1697656774074932,5.2388649,2.1837306,0.85559666,31,598
c12e,1697656775075024,5.2485013,2.1852734,0.83421189,23,608
c12e,1697656776075024,5.2479258,2.1939063,0.82917762,25,618
c12e,1697656777076064,5.245903,2.1845331,0.82922029,26,628
c12e,1697656778075040,5.2481151,2.1678374,0.83977807,30,638
c12e,1697656779075021,5.2558937,2.1702182,0.83269459,25,648
c12e,1697656780075014,5.2643547,2.1860273,0.83405209,27,658
c12e,1697656781075031,5.2643709,2.1860394,0.83028263,26,668
c12e,1697656782075500,5.2527289,2.182225,0.850796,31,678
c12e,1697656783076487,5.237411,2.1763353,0.8625645,30,688
c12e,1697656784076047,5.2245693,2.1809011,0.8347221,20,698
c12e,1697656785075041,5.22676,2.1896636,0.8331154,25,708
c12e,1697656786075050,5.2414722,2.1870432,0.83937562,29,718
c12e,1697656787075052,5.2172389,2.19019,0.8418631,26,728
c12e,1697656788088087,5.2219915,2.1948574,0.83320165,24,738
c12e,1697656789074958,5.2202229,2.1976097,0.82880563,25,748
c12e,1697656790075057,5.2081146,2.1848464,0.83995283,28,758
c12e,1697656791075727,5.1892862,2.1820481,0.8415364,26,768
c12e,1697656792076814,5.2078271,2.184962,0.84810412,29,778
c12e,1697656793075096,5.2177405,2.1780245,0.85918343,31,788
c12e,1697656794075481,5.2369509,2.1737769,0.86930311,32,798
c12e,1697656795075067,5.2348523,2.1837971,0.8721953,29,808
c12e,1697656796075298,5.2362413,2.1895726,0.85274464,24,818
c12e,1697656797075939,5.2380543,2.2013743,0.84563154,25,828
c12e,1697656798075714,5.2312455,2.1952975,0.84465337,27,838
c12e,1697656799075520,5.2135482,2.180665,0.84632111,27,848
c12e,1697656800075203,5.208014,2.1869259,0.83315843,23,858
c12e,1697656801076418,5.1991053,2.1816726,0.83749408,27,868
c12e,1697656802075122,5.2004089,2.1732142,0.83831382,27,878
c12e,1697656803075422,5.2201214,2.1667056,0.8530696,32,888
c12e,1697656804075390,5.2248292,2.1569076,0.85565084,29,898
c12e,1697656805075519,5.2036562,2.168124,0.84841985,24,908
c12e,1697656806076630,5.2128043,2.184659,0.84150684,25,918
c12e,1697656807075344,5.2189541,2.1911752,0.83587289,25,928
c12e,1697656808076241,5.2155771,2.194531,0.83530641,26,938
c12e,1697656809075105,5.2200766,2.1853747,0.83919334,28,948
c12e,1697656810075512,5.2156739,2.1920209,0.83418673,25,958
c12e,1697656811075176,5.2137084,2.1900911,0.83242148,25,968
c12e,1697656812075762,5.2031159,2.1739223,0.83416337,26,978
c12e,1697656813075248,5.204258,2.1781738,0.82173669,23,988
c12e,1697656814075336,5.2291436,2.1769052,0.82990009,29,998
c12e,1697656815076757,5.2302127,2.178978,0.8327381,27,1008
c12e,1697656816076619,5.2147431,2.1822402,0.83906192,27,1018
c12e,1697656817075192,5.2294507,2.1886909,0.83807641,27,1028
c12e,1697656818075204,5.2408371,2.1957173,0.82960176,24,1038
c12e,1697656819075195,5.230165,2.1933966,0.82367367,24,1048
c12e,1697656820075208,5.2384858,2.1934733,0.83470714,29,1058
c12e,1697656821076378,5.237987,2.1820078,0.84342283,29,1068
c12e,1697656822075301,5.2348161,2.1854186,0.8476001,28,1078
c12e,1697656823075431,5.2370048,2.1767647,0.8318913,24,1088
c12e,1697656824077035,5.23376,2.1810527,0.82701594,25,1098
c12e,1697656825075182,5.2356782,2.1694827,0.84120339,30,1108
c12e,1697656826075160,5.2382793,2.167464,0.85815984,32,1118
c12e,1697656827075533,5.2283525,2.1730118,0.853082,26,1128
c12e,1697656828076151,5.2243352,2.161736,0.85721332,29,1138
c12e,1697656829075612,5.2316475,2.1755795,0.84499937,24,1148
c12e,1697656830075226,5.2313676,2.1806207,0.83949327,25,1158
c12e,1697656831075286,5.2361317,2.1813676,0.84298503,28,1168
c12e,1697656832076718,5.2303486,2.1796346,0.85055506,29,1178
c12e,1697656833075372,5.2241521,2.1698537,0.86316514,31,1188
c12e,1697656834075220,5.2255893,2.1706114,0.86873239,30,1198
c12e,1697656835075258,5.2254963,2.1769142,0.85759121,25,1208
c12e,1697656836075558,5.2219424,2.1733627,0.85227883,26,1218
c12e,1697656837077821,5.2208557,2.1679924,0.86393756,31,1228
c12e,1697656838075602,5.2262063,2.1784971,0.86124188,27,1238
c12e,1697656839075289,5.214355,2.175014,0.86214703,28,1248
c12e,1697656840075484,5.2168713,2.1736915,0.86009663,28,1258
c12e,1697656841080033,5.2154579,2.1778038,0.85178757,25,1268
c12e,1697656842075258,5.2145739,2.1772907,0.8531974,28,1278
c12e,1697656843075655,5.230464,2.1784344,0.85585541,29,1288
c12e,1697656844076086,5.2424679,2.1633103,0.85654449,29,1298
c12e,1697656845075460,5.2519917,2.16527,0.86294717,30,1308
c12e,1697656846075343,5.2546148,2.1727281,0.86021757,28,1318
c12e,1697656847075541,5.2528157,2.1858788,0.84191608,23,1328
c12e,1697656848076678,5.2343292,2.1785328,0.83542287,25,1338
c12e,1697656849075650,5.2496438,2.1722276,0.8482067,31,1348
c12e,1697656850075489,5.2326188,2.1830673,0.84135169,24,1358
c12e,1697656851075364,5.2389207,2.1833153,0.8510778,30,1368
c12e,1697656852076151,5.2267923,2.1806824,0.84589583,26,1378
c12e,1697656853075320,5.2315178,2.1726863,0.86560082,33,1388
c12e,1697656854076719,5.2320323,2.1689911,0.86191416,28,1398
c12e,1697656855075375,5.2341619,2.1615949,0.87162834,31,1408
c12e,1697656856075441,5.2356606,2.1535871,0.87259144,30,1418
c12e,1697656857075764,5.2494831,2.1583486,0.86160982,27,1428
c12e,1697656858075394,5.2570276,2.1671736,0.85336703,26,1438
c12e,1697656859076482,5.2483478,2.1676595,0.85564017,28,8
c12e,1697656860076675,5.232316,2.1585751,0.87133139,32,18
c12e,1697656861075244,5.2270188,2.1681392,0.84955543,23,28
c12e,1697656862075416,5.2265444,2.1589711,0.85083574,28,38
c12e,1697656863075640,5.2404943,2.1625791,0.8437165,26,48
c12e,1697656864075331,5.2461257,2.1702774,0.84961993,29,58
c12e,1697656865075476,5.2256942,2.167397,0.845198,25,68
c12e,1697656866077012,5.2153559,2.166688,0.85896844,30,78
c12e,1697656867075383,5.209239,2.1554837,0.86490828,29,88
c12e,1697656868076262,5.2027016,2.1596766,0.858726,26,98
c12e,1697656869075523,5.2099762,2.169929,0.86084473,28,108
c12e,1697656870076144,5.2100883,2.1684694,0.85982478,28,118
c12e,1697656871076279,5.2131763,2.1618543,0.86295587,29,128
c12e,1697656872075756,5.21508,2.1683846,0.85931337,27,138
c12e,1697656873075448,5.2148395,2.1711943,0.85577857,27,148
c12e,1697656874075646,5.2301745,2.1745374,0.84993964,27,158
c12e,1697656875075480,5.2310143,2.1865461,0.84270591,25,168
c12e,1697656876075473,5.2347584,2.1762719,0.84582204,28,178
c12e,1697656877077206,5.2470808,2.1697237,0.86667722,34,188
c12e,1697656878075510,5.2449145,2.1742735,0.8680284,29,198
c12e,1697656879075491,5.2432737,2.1737328,0.87392652,30,208
c12e,1697656880075833,5.2434468,2.1757443,0.86610496,27,218
c12e,1697656881076393,5.2406974,2.1809375,0.84445107,23,228
c12e,1697656882075621,5.2328935,2.1846747,0.84931755,28,238
c12e,1697656883075964,5.2323942,2.1814017,0.85317332,28,248
c12e,1697656884076715,5.2364116,2.1834195,0.8534829,28,258
c12e,1697656885075525,5.2298293,2.1914566,0.85050339,26,268
c12e,1697656886075945,5.2282734,2.1965036,0.84142929,25,278
c12e,1697656887075549,5.2294817,2.187572,0.82509935,23,288
c12e,1697656888075584,5.2471933,2.1917708,0.82729864,27,298
c12e,1697656889076064,5.2478447,2.1933427,0.82623184,26,308
c12e,1697656890076470,5.2358108,2.1876693,0.82365596,25,318
c12e,1697656891076860,5.2406745,2.1825905,0.83554125,29,328
c12e,1697656892075674,5.2331104,2.1856103,0.83751643,26,338
c12e,1697656893076675,5.2318444,2.1888645,0.81749737,21,348
c12e,1697656894077035,5.2234378,2.1821778,0.81601882,25,358
c12e,1697656895075596,5.2239928,2.1667147,0.82342714,28,368
c12e,1697656896075617,5.2199478,2.1711116,0.82435179,25,378
c12e,1697656897075619,5.2107592,2.1790929,0.82502711,25,388
c12e,1697656898075612,5.2117486,2.1841369,0.82450473,25,398
c12e,1697656899075708,5.2202234,2.1889794,0.8175987,24,408
c12e,1697656900076911,5.2304883,2.2018065,0.81537646,24,418
c12e,1697656901077105,5.2340279,2.1940303,0.8199138,27,428
c12e,1697656902076947,5.2257867,2.1946986,0.82943273,27,438
c12e,1697656903075776,5.2207971,2.1927595,0.83003169,26,448
c12e,1697656904076552,5.2288737,2.1862435,0.83337,27,458
c12e,1697656905076157,5.2143416,2.184262,0.83602571,26,468
c12e,1697656906077048,5.2195086,2.1721992,0.84426516,29,478
c12e,1697656907075686,5.2273622,2.1791332,0.84191918,26,488
c12e,1697656908075719,5.2329211,2.182224,0.83903563,26,498
c12e,1697656909075828,5.2305341,2.1786246,0.84886438,29,508
c12e,1697656910075901,5.2187157,2.1830382,0.85430813,28,518
c12e,1697656911075652,5.2240934,2.1719775,0.84768921,26,528
c12e,1697656912075976,5.2303109,2.1804404,0.84473115,26,538
c12e,1697656913076517,5.2228203,2.1804514,0.84368938,26,548
c12e,1697656914076617,5.2297015,2.1630754,0.86626166,34,558
c12e,1697656915075760,5.2253332,2.1781185,0.84732443,23,568
c12e,1697656916077636,5.2137585,2.1865497,0.83483726,23,578
c12e,1697656917076061,5.2157984,2.1882288,0.831305,25,588
c12e,1697656918075896,5.2147059,2.1810732,0.84258842,29,598
c12e,1697656919075761,5.222476,2.1797733,0.83345109,25,608
c12e,1697656920076655,5.222434,2.1787238,0.82983631,25,618
c12e,1697656921075795,5.2222314,2.1893497,0.81650925,22,628
c12e,1697656922077177,5.2174859,2.1845219,0.82714194,28,638
c12e,1697656923075964,5.210691,2.1876488,0.82652158,25,648
c12e,1697656924075897,5.2224059,2.192806,0.82946694,27,658
c12e,1697656925078198,5.2175674,2.1854982,0.83875853,28,668
c12e,1697656926075765,5.2210145,2.1869216,0.83071244,24,678
c12e,1697656927076626,5.2281432,2.1912067,0.83578867,27,688
c12e,1697656928076188,5.229949,2.1967402,0.832748,25,698
c12e,1697656929075846,5.2279892,2.1898179,0.83116019,26,708
c12e,1697656930075779,5.2137866,2.1781256,0.83357674,26,718
c12e,1697656931075839,5.2189322,2.1787434,0.84036082,28,728
c12e,1697656932075933,5.2212758,2.1820104,0.83902609,26,738
c12e,1697656933076612,5.2200108,2.1815698,0.8384518,26,748
c12e,1697656934076018,5.2136612,2.1804967,0.83130223,24,758
c12e,1697656935075841,5.2175317,2.1729536,0.8423596,29,768
c12e,1697656936077381,5.2092113,2.1724558,0.84573817,27,778
c12e,1697656937077548,5.2342887,2.173409,0.83780313,26,788
c12e,1697656938075915,5.2215285,2.1679029,0.83893996,26,798
c12e,1697656939076525,5.2103806,2.1717925,0.832925,24,808
c12e,1697656940075846,5.2117605,2.1791322,0.83338642,26,818
c12e,1697656941076895,5.1985579,2.172436,0.83526808,26,828
c12e,1697656942075815,5.2235122,2.1781802,0.84266043,29,838
c12e,1697656943075795,5.2098,2.1712382,0.84758037,27,848
c12e,1697656944076468,5.2196164,2.1722212,0.85703903,30,858
c12e,1697656945075842,5.2196403,2.176501,0.85097,26,868
c12e,1697656946076683,5.2053041,2.1771495,0.84780961,25,878
c12e,1697656947077295,5.2207747,2.1759338,0.83720469,25,888
c12e,1697656948076762,5.2204113,2.1684115,0.843205,28,898
c12e,1697656949077531,5.2182393,2.1686275,0.84865248,28,908
c12e,1697656950076776,5.2262855,2.1723728,0.84985447,28,918
c12e,1697656951075946,5.2274036,2.1721659,0.84455335,26,928
c12e,1697656952075902,5.2151122,2.1798477,0.8495394,27,938
c12e,1697656953075918,5.2145367,2.1784928,0.84640616,26,948
c12e,1697656954079129,5.22672,2.1799061,0.836606,25,958
c12e,1697656955075795,5.2102771,2.1731577,0.83554834,25,968
c12e,1697656956076099,5.2122397,2.1759086,0.8239733,23,978
c12e,1697656957076064,5.2042494,2.1826003,0.80922216,21,988
c12e,1697656958076597,5.2111468,2.1787159,0.82803655,30,998
c12e,1697656959078826,5.2223492,2.1815476,0.83224708,27,1008
c12e,1697656960076245,5.21559,2.1737177,0.84719217,30,1018
c12e,1697656961075827,5.2279496,2.173208,0.83879942,26,1028
c12e,1697656962076942,5.2336025,2.1682096,0.8458373,29,1038
c12e,1697656963076598,5.2259407,2.1738644,0.84861869,27,1048
c12e,1697656964077462,5.2170076,2.1719661,0.84591973,26,1058
c12e,1697656965077250,5.2318416,2.1730578,0.85733771,31,1068
c12e,1697656966075870,5.2213836,2.169739,0.85433888,27,1078
c12e,1697656967076228,5.2328458,2.1711938,0.85913,29,1088
c12e,1697656968076108,5.2294788,2.180964,0.85206616,26,1098
c12e,1697656969075956,5.2390971,2.1760356,0.84703916,27,1108
c12e,1697656970079848,5.2399783,2.1838627,0.84064811,25,1118
c12e,1697656971076121,5.2387266,2.188813,0.83027041,24,1128
c12e,1697656972075941,5.2145095,2.1792471,0.83108795,25,1138
c12e,1697656973075982,5.2124782,2.171535,0.83139336,26,1148
c12e,1697656974076143,5.2043839,2.167469,0.83141071,26,1158
c12e,1697656975075966,5.2036057,2.1643403,0.83008581,26,1168
c12e,1697656976076305,5.1961184,2.1720603,0.83577681,26,1178
c12e,1697656977075994,5.2146769,2.1759083,0.84316128,29,1188
c12e,1697656978075993,5.2206364,2.1797237,0.84944737,29,1198
c12e,1697656979076178,5.2155938,2.1790938,0.85726261,29,1208
c12e,1697656980076005,5.2124319,2.1768124,0.84870249,25,1218
c12e,1697656981076026,5.2089677,2.1783702,0.856957,29,1228
c12e,1697656982076096,5.2254314,2.1878891,0.85263842,27,1238
c12e,1697656983076337,5.2268128,2.1854343,0.8447904,25,1248
c12e,1697656984076038,5.2298617,2.17934,0.84506851,27,1258
c12e,1697656985076950,5.226285,2.1694381,0.8401643,26,1268
c12e,1697656986079524,5.2057,2.1660852,0.84963721,28,1278
c12e,1697656987076946,5.2040181,2.1752641,0.84299594,25,1288
c12e,1697656988076476,5.2024755,2.1755941,0.83647519,25,1298
c12e,1697656989076315,5.1990495,2.1755574,0.84518766,28,1308
c12e,1697656990076096,5.1982841,2.1772978,0.83836842,25,1318
c12e,1697656991076846,5.1965804,2.1782885,0.8285678,23,1328
c12e,1697656992076464,5.2004652,2.1716616,0.83727872,28,1338
c12e,1697656993076895,5.2105484,2.17435,0.84585571,29,1348
c12e,1697656994076124,5.2184067,2.1862805,0.83231312,23,1358
c12e,1697656995076268,5.2177181,2.175451,0.829662,26,1368
c12e,1697656996076293,5.2216516,2.1718333,0.82506967,25,1378
c12e,1697656997076509,5.2024198,2.1740265,0.81672573,22,1388
c12e,1697656998077057,5.2145205,2.1796844,0.82218772,27,1398
c12e,1697656999076173,5.217412,2.1817374,0.82843006,27,1408
c12e,1697657000076187,5.21282,2.1769152,0.85160345,32,1418
c12e,1697657001076516,5.219367,2.1729505,0.8501783,27,1428
c12e,1697657002077149,5.2199125,2.1739352,0.85650933,29,1438
c12e,1697657003076118,5.2103357,2.1713943,0.85133338,26,8
c12e,1697657004076219,5.2022319,2.1624761,0.86341316,30,18
c12e,1697657005076172,5.2126608,2.1758056,0.85405678,25,28
c12e,1697657006076200,5.1984196,2.1701024,0.84900117,25,38
c12e,1697657007076279,5.2058668,2.1747117,0.84643328,26,48
c12e,1697657008076500,5.2043772,2.1753333,0.83696455,24,58
c12e,1697657009077106,5.2185364,2.1765609,0.83250207,26,68
c12e,1697657010076212,5.2381425,2.1711626,0.8309074,27,78
c12e,1697657011076476,5.2292376,2.1744673,0.83028209,25,88
c12e,1697657012076203,5.2161012,2.1811562,0.82687175,24,98
c12e,1697657013076642,5.198946,2.1820073,0.82390505,24,108
c12e,1697657014078883,5.1909304,2.1824033,0.83132714,26,118
c12e,1697657015076939,5.1930928,2.1924775,0.82380831,23,128
c12e,1697657016076400,5.190444,2.2039723,0.82557851,25,138
c12e,1697657017076308,5.1921072,2.2051618,0.82521319,25,148
c12e,1697657018076668,5.2146263,2.2064927,0.82833821,27,158
c12e,1697657019076348,5.2297378,2.2013261,0.83443016,28,168
c12e,1697657020077175,5.2245641,2.1831224,0.84139973,28,178
c12e,1697657021079053,5.221601,2.1801355,0.84123564,27,188
c12e,1697657022076602,5.2375574,2.1883516,0.84126174,27,198
c12e,1697657023076260,5.2327962,2.1881194,0.836181,25,208
c12e,1697657024076602,5.2087784,2.1900661,0.83392096,24,218
c12e,1697657025076796,5.2059546,2.1810503,0.84530592,29,228
c12e,1697657026077162,5.2073112,2.1772766,0.84213024,26,238
c12e,1697657027077236,5.1914129,2.1643975,0.85463685,29,248
c12e,1697657028076360,5.2130795,2.1586642,0.8451103,26,258
c12e,1697657029076768,5.2094083,2.1724706,0.84189945,25,268
c12e,1697657030076288,5.3233914,2.1735,0.83423346,33,278
c12e,1697657031076391,5.2955856,2.1745183,0.81637245,21,288
c12e,1697657032076394,5.2962489,2.1810489,0.81483757,25,298
c12e,1697657033076884,5.2809987,2.1798005,0.82213396,27,308
c12e,1697657034076339,5.2512732,2.1779931,0.82805878,26,318
c12e,1697657035076782,5.2479696,2.174119,0.84684712,31,328
c12e,1697657036076614,5.2506833,2.1840186,0.83785939,25,338
c12e,1697657037077274,5.2616487,2.1858571,0.84079856,49,348
c12e,1697657038076370,5.2484312,2.1943033,0.84505296,27,358
c12e,1697657039076355,5.2480254,2.1970761,0.83593535,25,368
c12e,1697657040076378,5.2442365,2.190845,0.83202618,26,378
c12e,1697657041079250,5.2473769,2.1886969,0.83202755,26,388
c12e,1697657042076377,5.2338905,2.1829219,0.8352648,27,398
c12e,1697657043076377,5.2298355,2.1875067,0.84192961,28,408
c12e,1697657044076741,5.2261281,2.1835847,0.84856796,28,418
c12e,1697657045076383,5.242559,2.1882215,0.83538169,24,428
c12e,1697657046076634,5.24412,2.1825397,0.84160233,28,438
c12e,1697657047077184,5.2263908,2.1788497,0.83779293,25,448
c12e,1697657048076785,5.22795,2.17396,0.84619594,29,458
c12e,1697657049076506,5.2204247,2.1746159,0.83887517,25,468
c12e,1697657050077438,5.2293987,2.1732566,0.8319506,25,478
c12e,1697657051078341,5.2258115,2.16767,0.83257735,26,488
c12e,1697657052076468,5.4507904,2.1600783,0.86459249,46,498
c12e,1697657053076796,5.3891678,2.1638584,0.85622561,26,508
c12e,1697657054076438,5.3518667,2.1536989,0.86297506,30,518
c12e,1697657055076448,5.3198419,2.1604626,0.86301929,28,528
c12e,1697657056076746,5.2946115,2.1611817,0.86295384,28,538
c12e,1697657057076816,5.2791734,2.1623297,0.87235612,31,548
c12e,1697657058076440,5.2814589,2.1707745,0.86208051,27,558
c12e,1697657059079425,5.2744942,2.1738212,0.85276228,26,568
c12e,1697657060076427,5.251956,2.177192,0.83994651,23,578
c12e,1697657061077634,5.2472243,2.18441,0.83978939,26,588
c12e,1697657062077322,5.2514982,2.1840088,0.83550435,26,598
c12e,1697657063077257,5.2348704,2.1735723,0.8379218,27,608
c12e,1697657064076700,5.2155046,2.1824331,0.82130873,21,618
c12e,1697657065076785,5.2106004,2.1816351,0.82138234,25,628
c12e,1697657066076471,5.2304349,2.1797109,0.81932575,26,638
c12e,1697657067076602,5.2367387,2.1798635,0.81954277,26,648
c12e,1697657068076531,5.2376175,2.1680839,0.832564,29,658
c12e,1697657069076492,5.2327342,2.1680391,0.84432727,29,668
c12e,1697657070076860,5.2420893,2.1712732,0.85146087,29,678
c12e,1697657071076524,5.2382274,2.1710446,0.85906684,29,688
c12e,1697657072076587,5.2366891,2.1841178,0.85448271,26,698
c12e,1697657073076563,5.2642264,2.1888349,0.84950155,27,708
c12e,1697657074076670,5.2617803,2.1854064,0.849088,28,718
c12e,1697657075076888,5.2690673,2.1915398,0.83893186,25,728
c12e,1697657076076532,5.2639108,2.1857574,0.85235214,31,738
c12e,1697657077077899,5.2561707,2.1908939,0.84020156,24,748
c12e,1697657078077388,5.2650642,2.1843867,0.84309721,28,758
c12e,1697657079076578,5.2473779,2.1845677,0.84697282,27,768
c12e,1697657080077182,5.2358093,2.182312,0.85929859,30,778
c12e,1697657081076516,5.2243843,2.17749,0.85486817,26,788
c12e,1697657082076600,5.2191749,2.1805303,0.84139174,24,798
c12e,1697657083077495,5.224216,2.1865976,0.83553737,25,808
c12e,1697657084077079,5.239037,2.1752946,0.83053672,26,818
c12e,1697657085076602,5.2274647,2.1893816,0.83178014,25,828
c12e,1697657086077138,5.2299232,2.686151,0.68348849,90,838
c12e,1697657087076801,5.2449088,2.5682116,0.71882164,26,848
c12e,1697657088076590,5.2322845,2.45886,0.75871336,29,858
c12e,1697657089077507,5.2276783,2.389051,0.77139276,24,868
c12e,1697657090077875,5.2365274,2.336185,0.79112327,28,878
c12e,1697657091077328,5.2288833,2.2904561,0.81470448,30,888
c12e,1697657092076624,5.2293763,2.261543,0.817264,26,898
c12e,1697657093076777,5.2442446,2.2399743,0.82125765,27,908
c12e,1697657094076618,5.247046,2.22343,0.82283753,26,918
c12e,1697657095077798,5.245296,2.2244773,0.82413435,25,928
c12e,1697657096078080,5.268847,2.2081008,0.82701576,28,938
c12e,1697657097076664,5.2621889,2.1961727,0.8335582,28,948
c12e,1697657098076928,5.2397366,2.1886077,0.83779389,27,958
c12e,1697657099076590,5.220325,2.1673899,0.84348643,28,968
c12e,1697657100077873,5.214962,2.1754186,0.83930206,25,978
c12e,1697657101079042,5.205533,2.1738069,0.83185697,24,988
c12e,1697657102077048,5.2085662,2.1860571,0.83004218,25,998
c12e,1697657103077140,5.1998787,2.1763217,0.83871353,28,1008
c12e,1697657104077406,5.2139974,2.1830788,0.82771128,24,1018
c12e,1697657105076714,5.2061462,2.1831477,0.83312309,26,1028
c12e,1697657106078365,5.2026515,2.1851358,0.83074939,25,1038
c12e,1697657107077274,5.2183871,2.1774042,0.83501554,28,1048
c12e,1697657108076833,5.238606,2.1735923,0.8378185,28,1058
c12e,1697657109076702,5.2433243,2.1638281,0.84843361,30,1068
c12e,1697657110076692,5.2538538,2.1745503,0.83958614,25,1078
c12e,1697657111076875,5.2328296,2.1713951,0.8363809,25,1088
c12e,1697657112076758,5.2425494,2.1643717,0.84578276,30,1098
c12e,1697657113077014,5.2362676,2.1782365,0.8325575,23,1108
c12e,1697657114076745,5.2300954,2.1767943,0.83070838,26,1118
c12e,1697657115076777,5.22768,2.1687579,0.84230953,29,1128
c12e,1697657116076766,5.2233663,2.1700091,0.83415723,24,1138
c12e,1697657117076749,5.2212377,2.1636212,0.83611488,27,1148
c12e,1697657118079261,5.2224793,2.164463,0.83043683,25,1158
c12e,1697657119077602,5.2372866,2.170305,0.82091856,24,1168
c12e,1697657120076757,5.2392583,2.1761513,0.8088643,22,1178
c12e,1697657121077209,5.2302508,2.1803641,0.79724884,21,1188
c12e,1697657122077307,5.2298989,2.1796358,0.80533695,26,1198
c12e,1697657123076762,5.230854,2.1834793,0.8115375,26,1208
c12e,1697657124078197,5.2073469,2.1768918,0.81553847,25,1218
c12e,1697657125077382,5.2189975,2.1724126,0.82833153,29,1228
c12e,1697657126077261,5.2250175,2.1674888,0.84041333,30,1238
c12e,1697657127076759,5.2262254,2.1782105,0.82858038,23,1248
c12e,1697657128076916,5.2381678,2.1844063,0.83493048,28,1258
c12e,1697657129078384,5.2458577,2.1783288,0.84721035,30,1268
c12e,1697657130076721,5.2418051,2.1846824,0.83548176,24,1278
c12e,1697657131079612,5.24752,2.1874521,0.83752376,27,1288
c12e,1697657132076687,5.2609606,2.1796637,0.83949149,28,1298
c12e,1697657133076758,5.2617383,2.1873307,0.83298385,25,1308
c12e,1697657134076911,5.2610679,2.1870368,0.82974786,26,1318
c12e,1697657135077152,5.2728705,2.1862764,0.83796722,29,1328
c12e,1697657136076788,5.2664042,2.1926382,0.837687,26,1338
c12e,1697657137077829,5.2498479,2.1956477,0.83698994,26,1348
c12e,1697657138077657,5.2422562,2.1940894,0.82705706,24,1358
c12e,1697657139079186,5.2266092,2.1871746,0.83043158,26,1368
c12e,1697657140077956,5.2257218,2.1831145,0.82347977,24,1378
c12e,1697657141076837,5.2258921,2.1807175,0.81912124,24,1388
c12e,1697657142076818,5.2283916,2.1844115,0.828769,28,1398
c12e,1697657143077611,5.226541,2.1869369,0.83181113,26,1408
c12e,1697657144078120,5.2117267,2.1893747,0.83351493,25,1418
c12e,1697657145077236,5.2194629,2.17775,0.838049,28,1428
c12e,1697657146077023,5.2261739,2.1805494,0.83525324,26,1438
c12e,1697657147077822,5.2245321,2.1766787,0.827161,24,8
c12e,1697657148076832,5.2263126,2.1734529,0.83331633,28,18
c12e,1697657149076798,5.2407727,2.1796515,0.82712173,25,28
c12e,1697657150076861,5.2413154,2.1899667,0.81333405,22,38
c12e,1697657151077470,5.2453866,2.1860776,0.81481904,26,48
c12e,1697657152076836,5.2262259,2.1714647,0.81318814,24,58
c12e,1697657153077015,5.2205267,2.1682935,0.81339061,25,68
c12e,1697657154077828,5.2194328,2.1560686,0.82603586,29,78
c12e,1697657155077180,5.2159109,2.1673787,0.82885218,26,88
c12e,1697657156077205,5.2150831,2.1699476,0.82107395,24,98
c12e,1697657157078806,5.2078137,2.1679223,0.83047163,27,108
c12e,1697657158077659,5.1934891,2.1702654,0.83020878,25,118
c12e,1697657159076900,5.2147584,2.1756372,0.82685912,26,128
c12e,1697657160077051,5.2141986,2.1805592,0.82889634,26,138
c12e,1697657161076897,5.2137213,2.1903124,0.82904458,25,148
c12e,1697657162077389,5.2119493,2.1960669,0.82241875,23,158
c12e,1697657163077046,5.2185569,2.1994348,0.81656128,24,168
c12e,1697657164077025,5.2084603,2.1890612,0.82147074,26,178
c12e,1697657165077188,5.2220411,2.1930249,0.82632941,27,188
c12e,1697657166076900,5.2215581,2.19014,0.81591123,23,198
c12e,1697657167077630,5.2156377,2.1843259,0.82797343,28,208
c12e,1697657168077128,5.2135735,2.1835,0.81981337,23,218
c12e,1697657169076938,5.23332,2.1760788,0.82553858,28,228
c12e,1697657170077046,5.2362952,2.1703825,0.83618051,29,238
c12e,1697657171077044,5.239934,2.1692863,0.83112383,26,248
c12e,1697657172076986,5.2314382,2.165282,0.84470493,30,258
c12e,1697657173077210,5.2329631,2.1689336,0.85053605,29,268
c12e,1697657174077210,5.2335343,2.1707139,0.84890777,27,278
c12e,1697657175077080,5.2307963,2.1719263,0.85955423,30,288
c12e,1697657176077004,5.2176795,2.1761174,0.85040325,25,298
c12e,1697657177077330,5.2110934,2.1801784,0.84878385,26,308
c12e,1697657178079473,5.2007842,2.1825054,0.84091353,24,318
c12e,1697657179078082,5.2068892,2.1849771,0.84665716,28,328
c12e,1697657180077447,5.2197819,2.1803868,0.84556258,27,338
c12e,1697657181077974,5.2332339,2.1865406,0.83499157,25,348
c12e,1697657182077043,5.2461605,2.18748,0.83407474,27,358
c12e,1697657183077128,5.2588634,2.185756,0.84250027,29,368
c12e,1697657184077906,5.2496033,2.1976757,0.839915,25,378
c12e,1697657185076970,5.2475109,2.1894784,0.83837372,27,388
c12e,1697657186077320,5.2332516,2.1792679,0.83784395,26,398
c12e,1697657187077092,5.2337508,2.1784647,0.83938873,27,408
c12e,1697657188078956,5.22627,2.1768119,0.82935745,24,418
c12e,1697657189077057,5.2270932,2.1818519,0.83282155,27,428
c12e,1697657190078736,5.2278771,2.1828668,0.83312708,26,438
c12e,1697657191078730,5.2347703,2.1805992,0.8317396,26,448
c12e,1697657192077518,5.253809,2.184865,0.83366334,27,458
c12e,1697657193077130,5.2472844,2.1817172,0.83960867,28,468
c12e,1697657194077032,5.2516603,2.1783636,0.82522136,24,478
c12e,1697657195078018,5.2612772,2.1796963,0.82834977,27,488
c12e,1697657196077904,5.2583823,2.1749969,0.8321625,27,498
c12e,1697657197077092,5.2652884,2.1792934,0.83493131,27,508
c12e,1697657198077110,5.2548227,2.1780374,0.83482981,26,518
c12e,1697657199078511,5.2397451,2.1770282,0.82950652,24,528
c12e,1697657200077390,5.2452331,2.1835365,0.82938427,26,538
c12e,1697657201077602,5.22702,2.1791306,0.83466345,27,548
c12e,1697657202077186,5.2376375,2.1783984,0.83324218,27,558
c12e,1697657203077219,5.24014,2.1831479,0.83276844,26,568
c12e,1697657204078185,5.2252283,2.1733773,0.83018678,25,578
c12e,1697657205077216,5.2270889,2.171443,0.82956809,26,588
c12e,1697657206077138,5.2256241,2.1874096,0.82647181,24,598
c12e,1697657207077288,5.2249045,2.1945841,0.8275249,25,608
c12e,1697657208078498,100,100,100,0,618
c12e,1697657209077348,5.2370257,2.1955392,0.82327557,25,628
c12e,1697657210077145,5.2469821,2.1892116,0.82422096,27,638
c12e,1697657211077151,5.2383161,2.1891026,0.82877421,26,648
c12e,1697657212077240,5.2475109,2.196856,0.8217265,24,658
c12e,1697657213078058,5.24506,2.2028081,0.81831735,24,668
c12e,1697657214077824,5.2233319,2.1998563,0.81492555,23,678
c12e,1697657215077654,5.2218037,2.2031853,0.81121343,23,688
c12e,1697657216077189,5.2177567,2.1999614,0.80658287,23,698
c12e,1697657217077177,5.2218895,2.1874781,0.814439,27,708
c12e,1697657218077540,5.2306223,2.1870003,0.80906284,24,718
c12e,1697657219077227,5.2314529,2.1905897,0.8214733,28,728
c12e,1697657220078408,5.2362208,2.1896577,0.8285352,28,738
c12e,1697657221079524,5.2313523,2.1701005,0.83417672,28,748
c12e,1697657222077356,5.2267694,2.1805258,0.82979423,25,758
c12e,1697657223077281,5.2293749,2.1863625,0.8379088,28,768
c12e,1697657224077630,5.223815,2.1878035,0.83842838,26,778
c12e,1697657225077376,5.229073,2.1936109,0.84012508,27,788
c12e,1697657226077953,5.2213974,2.1909878,0.84142047,26,798
c12e,1697657227077853,5.2306786,2.1949487,0.84455329,28,808
c12e,1697657228078331,5.2338362,2.195272,0.83650649,49,818
c12e,1697657229077258,5.2227421,2.1985438,0.82696366,23,828
c12e,1697657230077280,5.2257943,2.1904907,0.83404547,28,838
c12e,1697657231077578,5.2203784,2.1882987,0.82261628,23,848
c12e,1697657232077366,5.2260289,2.1786036,0.83708692,30,858
c12e,1697657233078591,5.2367954,2.1747587,0.83878285,28,868
c12e,1697657234077997,5.2537909,2.1723959,0.83947676,28,878
c12e,1697657235077986,5.2661314,2.1809361,0.83887517,27,888
c12e,1697657236077435,5.2604346,2.184721,0.8411808,27,898
c12e,1697657237077625,5.2678084,2.1828392,0.84217745,28,908
c12e,1697657238077361,5.253314,2.1902709,0.83402789,24,918
c12e,1697657239079075,5.2242928,2.1958215,0.82771271,23,928
c12e,1697657240077458,5.228405,2.184051,0.83392,28,938
c12e,1697657241077630,5.2291179,2.185014,0.82799625,25,948
c12e,1697657242078308,5.2356615,2.1723323,0.85254365,33,958
c12e,1697657243077264,5.2338567,2.1727064,0.86587852,31,968
c12e,1697657244077387,5.2336597,2.1742022,0.8526414,25,978
c12e,1697657245077360,5.2515016,2.17602,0.8542136,29,988
c12e,1697657246077512,5.2520509,2.1785734,0.84594178,26,998
c12e,1697657247078027,5.2339549,2.1755373,0.84459507,26,1008
c12e,1697657248077307,5.2327189,2.1853731,0.83579379,24,1018
c12e,1697657249077382,5.2329435,2.190104,0.84047186,27,1028
c12e,1697657250079785,5.2325554,2.1895325,0.84184116,27,1038
c12e,1697657251077322,5.2374725,2.1942384,0.84123224,27,1048
c12e,1697657252077372,5.2498317,2.2011261,0.83351129,25,1058
c12e,1697657253079402,5.2446594,2.1884258,0.84401637,29,1068
c12e,1697657254077570,5.26105,2.1911333,0.83016926,24,1078
c12e,1697657255077469,5.2700272,2.1913915,0.82406068,25,1088
c12e,1697657256077992,5.2649198,2.1914177,0.82564181,26,1098
c12e,1697657257077577,5.2629166,2.1854739,0.84396487,31,1108
c12e,1697657258077421,5.257791,2.1808188,0.8443886,27,1118
c12e,1697657259077547,5.2580323,2.1797037,0.84106845,27,1128
c12e,1697657260078559,5.2730231,2.1855659,0.82484788,23,1138
c12e,1697657261077460,5.258522,2.1914678,0.82162952,24,1148
c12e,1697657262077938,5.2589674,2.1922114,0.83133429,28,1158
c12e,1697657263077454,5.2572351,2.1861525,0.83044225,26,1168
c12e,1697657264077520,5.2438087,2.1801243,0.82540613,25,1178
c12e,1697657265080624,5.23538,2.1829698,0.82190675,24,1188
c12e,1697657266077594,5.2327871,2.1837003,0.83428919,29,1198
c12e,1697657267077993,5.2460961,2.1757493,0.83365953,27,1208
c12e,1697657268077560,5.2308879,2.1799622,0.81884307,22,1218
c12e,1697657269077524,5.2357965,2.1816871,0.82656252,28,1228
c12e,1697657270077622,5.256546,2.1798031,0.837955,30,1238
c12e,1697657271081626,5.2526088,2.1804559,0.84636289,29,1248
c12e,1697657272078349,5.2669339,2.1829956,0.85542971,30,1258
c12e,1697657273077531,5.2703838,2.1861284,0.85170573,27,1268
c12e,1697657274078015,5.5031114,2.178273,0.89743704,48,1278
c12e,1697657275085082,5.4221025,2.170464,0.88890409,28,1288
c12e,1697657276077568,5.3814158,2.1768494,0.86894655,25,1298
c12e,1697657277077559,5.3362813,2.1681435,0.86199576,27,1308
c12e,1697657278078342,5.3117442,2.1759639,0.8578828,27,1318
c12e,1697657279077455,5.2914481,2.173234,0.85243708,27,1328
c12e,1697657280078334,5.2809105,2.1753507,0.84970331,27,1338
c12e,1697657281078022,5.2667646,2.1824684,0.83764619,24,1348
c12e,1697657282077852,5.2619104,2.1837471,0.83884704,27,1358
c12e,1697657283077557,5.2554703,2.1891983,0.83184695,25,1368
c12e,1697657284078867,5.2539191,2.1958275,0.83010131,25,1378
c12e,1697657285077964,5.268858,2.7023563,0.67889458,91,1388
c12e,1697657286077618,5.2688513,2.5659916,0.73114389,31,1398
c12e,1697657287077610,5.2685013,2.4615157,0.75114936,26,1408
c12e,1697657288078346,5.25162,2.3824489,0.772704,26,1418
c12e,1697657289079049,5.27281,2.3371813,0.79234254,28,1428
c12e,1697657290077638,5.2685223,2.2979565,0.8082785,28,1438
c12e,1697657291077812,5.2522688,2.2607908,0.82152385,28,8
c12e,1697657292077798,5.2560811,2.241117,0.82361472,26,18
c12e,1697657293077774,5.2553859,2.2241337,0.82669085,27,28
c12e,1697657294080055,5.2465887,2.210228,0.83777231,29,38
c12e,1697657295077887,5.2363181,2.2113664,0.82515436,22,48
c12e,1697657296077790,5.249248,2.2106793,0.83183628,28,58
c12e,1697657297077824,5.2538652,2.2051675,0.82950717,26,68
c12e,1697657298077880,5.2375412,2.185694,0.83390582,27,78
c12e,1697657299078644,5.2492175,2.1811621,0.8397792,29,88
c12e,1697657300079268,5.248075,2.1785469,0.83821589,27,98
c12e,1697657301079958,5.2481189,2.1796703,0.83514136,26,108
c12e,1697657302078272,5.2315159,2.1867406,0.81957895,21,118
c12e,1697657303077622,5.23107,2.1824667,0.82786518,28,128
c12e,1697657304077631,5.2294188,2.187753,0.83015329,26,138
c12e,1697657305078659,5.2166533,2.1921537,0.81501168,21,148
c12e,1697657306077723,5.22404,2.1990664,0.81477749,25,158
c12e,1697657307077808,5.2229609,2.1957924,0.82925534,29,168
c12e,1697657308077998,5.2223191,2.190588,0.83779776,28,178
c12e,1697657309077599,5.2320127,2.1973732,0.82812285,24,188
c12e,1697657310079267,5.2318573,2.1949844,0.83257943,27,198
c12e,1697657311077722,5.2324605,2.1913977,0.83061367,26,208
c12e,1697657312077711,5.2378178,2.1917117,0.83534807,27,218
c12e,1697657313078037,5.2398005,2.1954887,0.82483047,24,228
c12e,1697657314078529,5.2374325,2.1939123,0.82620847,26,238
c12e,1697657315078006,5.2349334,2.1876771,0.82595336,26,248
c12e,1697657316078418,5.243629,2.1872342,0.83290356,28,258
c12e,1697657317077788,5.2346497,2.1856835,0.83238554,26,268
c12e,1697657318078340,5.2427588,2.1815178,0.82655275,25,278
c12e,1697657319077862,5.2573714,2.1823795,0.84082162,30,288
c12e,1697657320077880,5.2546554,2.1856616,0.83549589,25,298
c12e,1697657321077974,5.2488804,2.1793828,0.8405115,28,308
c12e,1697657322078561,5.2520347,2.1836622,0.83947808,27,318
c12e,1697657323077844,5.2603054,2.1785131,0.8488766,30,328
c12e,1697657324078446,5.2563477,2.1789877,0.82474279,21,338
c12e,1697657325078872,5.2493858,2.1777744,0.81800234,24,348
c12e,1697657326077839,5.2388234,2.1813622,0.82349855,26,358
c12e,1697657327078994,5.4643078,2.1808219,0.86612439,46,368
c12e,1697657328077898,5.4014316,2.1776123,0.86981952,29,378
c12e,1697657329077846,5.3611064,2.1747482,0.85691625,26,388
c12e,1697657330078753,5.3285441,2.1747622,0.84892285,26,398
c12e,1697657331078885,5.315176,2.1775284,0.8498686,28,408
c12e,1697657332078327,5.299314,2.1897392,0.83884025,24,418
c12e,1697657333078225,5.2859483,2.1948395,0.82655156,23,428
c12e,1697657334078273,5.2791748,2.1910341,0.82676548,26,438
c12e,1697657335078287,5.2736368,2.1913166,0.81650257,23,448
c12e,1697657336077992,5.2606459,2.1918278,0.80873138,23,458
c12e,1697657337078018,5.2650762,2.1901717,0.81258428,26,468
c12e,1697657338078394,5.2609196,2.1900263,0.81407833,25,478
c12e,1697657339078973,5.2424345,2.1842563,0.81823397,26,488
c12e,1697657340078125,5.235539,2.1743066,0.82417238,27,498
c12e,1697657341079183,5.2544026,2.1785502,0.82092494,26,508
c12e,1697657342078304,5.2516232,2.1668522,0.82634705,28,518
c12e,1697657343077956,5.2520022,2.1761632,0.81666541,23,528
c12e,1697657344079287,5.2519388,2.1801589,0.81801713,26,538
c12e,1697657345078761,5.2556114,2.1733634,0.82941616,29,548
c12e,1697657346078398,5.2635455,2.1701093,0.83111411,27,558
c12e,1697657347079082,5.2429767,2.1696961,0.84560394,29,568
c12e,1697657348078576,5.23681,2.180203,0.83805716,25,578
c12e,1697657349077914,5.2307415,2.183126,0.84728539,29,588
c12e,1697657350080241,5.2404871,2.1746254,0.85417533,30,598
c12e,1697657351077886,5.2639365,2.1832974,0.84101832,25,608
c12e,1697657352078166,5.2553625,2.1806827,0.83405286,25,618
c12e,1697657353078508,5.2455473,2.1874461,0.83239186,25,628
c12e,1697657354077912,5.252604,2.1942415,0.83124363,26,638
c12e,1697657355077897,5.2337894,2.1887434,0.82489175,24,648
c12e,1697657356078576,5.45232,2.1767364,0.85564411,45,658
c12e,1697657357077949,5.3889203,2.167119,0.85509932,28,668
c12e,1697657358078182,5.3630219,2.1777685,0.85258013,27,678
c12e,1697657359079334,5.3275781,2.1835372,0.85685128,28,688
c12e,1697657360078098,5.3083234,2.19369,0.84999055,26,698
c12e,1697657361078078,5.2934303,2.1951323,0.83939517,25,708
c12e,1697657362079413,5.2653413,2.1868565,0.85375005,30,718
c12e,1697657363077910,100,100,100,0,728
c12e,1697657364089494,5.262094,2.1931267,0.84037566,24,738
c12e,1697657365078105,5.2367759,2.1775331,0.85423034,30,748
c12e,1697657366078193,5.2503738,2.6710751,0.68947846,90,758
c12e,1697657367078330,5.2547688,2.5436189,0.72509837,27,768
c12e,1697657368078954,5.2455034,2.4557064,0.75318968,26,778
c12e,1697657369078078,5.2457666,2.382199,0.78303576,29,788
c12e,1697657370078219,5.2492127,2.328774,0.79186857,26,798
c12e,1697657371078334,5.2531567,2.2902994,0.7876116,23,808
c12e,1697657372078092,5.2393661,2.2679048,0.8024745,26,818
c12e,1697657373079756,5.2441888,2.2442048,0.81056088,27,828
c12e,1697657374078437,5.2251749,2.2328372,0.81159163,24,838
c12e,1697657375078012,5.2267704,2.2147646,0.82258332,28,848
c12e,1697657376078156,5.2157507,2.2008932,0.83075339,27,858
c12e,1697657377078187,5.2125192,2.205231,0.83496618,26,868
c12e,1697657378078921,5.2095094,2.2075686,0.83219332,25,878
c12e,1697657379080146,5.2173128,2.192163,0.85673904,33,888
c12e,1697657380078106,5.2155085,2.191999,0.84540641,24,898
c12e,1697657381078122,5.214704,2.1988921,0.84142709,25,908
c12e,1697657382078096,5.2124853,2.1959047,0.83902746,26,918
c12e,1697657383080168,5.2081571,2.1928856,0.83880848,26,928
c12e,1697657384078457,5.2151432,2.1783772,0.85034925,30,938
c12e,1697657385078507,5.2325926,2.1813574,0.845593,27,948
c12e,1697657386079816,5.237257,2.1799726,0.84433663,27,958
c12e,1697657387078295,5.2375011,2.1856554,0.843712,27,968
c12e,1697657388078261,5.22448,2.1748819,0.853202,29,978
c12e,1697657389078221,5.2275586,2.1720543,0.84358716,25,988
c12e,1697657390078639,5.2311139,2.1828942,0.83240527,24,998
c12e,1697657391078291,5.2303691,2.1920049,0.83076024,25,1008
c12e,1697657392078663,5.2315683,2.1956897,0.83080763,26,1018
c12e,1697657393078889,5.2235961,2.1938398,0.83648241,27,1028
c12e,1697657394078175,5.2046628,2.1842542,0.828449,23,1038
c12e,1697657395078173,5.2073288,2.1759734,0.83901411,29,1048
c12e,1697657396078600,5.2152982,2.1738634,0.83886242,27,1058
c12e,1697657397078295,5.2332096,2.1764998,0.836753,27,1068
c12e,1697657398079943,5.2449913,2.1780002,0.84141916,28,1078
c12e,1697657399079234,5.2574053,2.18056,0.835453,26,1088
c12e,1697657400078340,5.2598658,2.1878121,0.831752,26,1098
c12e,1697657401078425,5.2492552,2.1958168,0.82203448,23,1108
c12e,1697657402078668,5.2405806,2.1805687,0.82986838,28,1118
c12e,1697657403078504,5.2278376,2.1789589,0.83508384,27,1128
c12e,1697657404078404,5.2185006,2.1682451,0.8483218,30,1138
c12e,1697657405079106,5.1997523,2.1720109,0.84423459,25,1148
c12e,1697657406080350,5.2254772,2.1709924,0.84470946,28,1158
c12e,1697657407078306,5.2264671,2.1682339,0.84955055,28,1168
c12e,1697657408079016,5.2364216,2.1704001,0.84259695,26,1178
c12e,1697657409078230,5.2602186,2.1844766,0.82607913,23,1188
c12e,1697657410078348,5.275136,2.1724808,0.847008,33,1198
c12e,1697657411079672,5.2596841,2.1678023,0.85412729,29,1208
c12e,1697657412078228,5.2473383,2.1584935,0.8591885,29,1218
c12e,1697657413079112,5.241231,2.1676939,0.8436532,24,1228
c12e,1697657414078637,5.2452488,2.1669328,0.84033513,27,1238
c12e,1697657415078381,5.2475314,2.1689751,0.83327329,25,1248
c12e,1697657416080436,5.2492747,2.1798871,0.82297528,23,1258
c12e,1697657417079362,5.2430749,2.1892581,0.80532724,20,1268
c12e,1697657418078720,5.245831,2.1917884,0.80562413,25,1278
c12e,1697657419078382,5.2515292,2.1984284,0.80169851,23,1288
c12e,1697657420078430,5.2601237,2.1960521,0.81301129,28,1298
c12e,1697657421078546,5.2470136,2.1947711,0.80587262,23,1308
c12e,1697657422079120,5.2412782,2.1901076,0.79828322,22,1318
c12e,1697657423079165,5.2290711,2.175945,0.81951332,29,1328
c12e,1697657424078475,5.2251439,2.1727831,0.82161462,26,1338
c12e,1697657425078504,5.2389278,2.1652341,0.83631164,30,1348
c12e,1697657426078387,5.2526593,2.1661069,0.84621823,30,1358
c12e,1697657427078260,5.2434492,2.1663918,0.84759182,27,1368
c12e,1697657428079255,5.2352667,2.1759238,0.84377772,26,1378
c12e,1697657429079370,5.2299438,2.170785,0.83662945,25,1388
c12e,1697657430078662,5.2431674,2.1763175,0.83645254,49,1398
c12e,1697657431078723,5.2510185,2.1738331,0.83711135,27,1408
c12e,1697657432078432,5.2363563,2.179796,0.83190221,24,1418
c12e,1697657433078882,5.2393947,2.1738079,0.84184271,29,1428
c12e,1697657434079035,5.2434359,2.1746161,0.84634358,28,1438
c12e,1697657435078333,5.2379246,2.1828766,0.84130305,25,8
c12e,1697657436078578,5.2357535,2.17554,0.84890234,29,18
c12e,1697657437078404,5.2411528,2.1820841,0.84809923,27,28
c12e,1697657438078380,5.2251983,2.1755953,0.85119152,27,38
c12e,1697657439078562,5.2091193,2.1751628,0.84595007,25,48
c12e,1697657440089219,5.222168,2.1788912,0.83649582,25,58
c12e,1697657441078640,5.2379394,2.1749153,0.83757114,28,68
c12e,1697657442078428,5.2216735,2.1767387,0.83611619,25,78
c12e,1697657443078691,5.2105179,2.1735642,0.85472184,31,88
c12e,1697657444078459,5.2339864,2.1767139,0.84202766,25,98
c12e,1697657445079354,5.2409291,2.1748285,0.84297937,28,108
c12e,1697657446078789,5.2481427,2.1877286,0.83967251,26,118
c12e,1697657447079377,5.2406821,2.192832,0.84348279,27,128
c12e,1697657448079382,5.2372227,2.1820095,0.84452623,27,138
c12e,1697657449078485,5.2168565,2.1868916,0.83896613,24,148
c12e,1697657450078462,5.2077565,2.1701517,0.83636123,26,158
c12e,1697657451079463,5.2140303,2.1783628,0.829115,24,168
c12e,1697657452078474,5.21104,2.1790476,0.82098395,23,178
c12e,1697657453078492,5.2007437,2.1816573,0.82006365,24,188
c12e,1697657454078491,5.2042828,2.1800032,0.82219541,26,198
c12e,1697657455079647,5.2182841,2.1828372,0.82369423,26,208
c12e,1697657456078842,5.2120204,2.1740537,0.81967759,24,218
c12e,1697657457078708,5.2063823,2.1801057,0.82599974,26,228
c12e,1697657458079109,5.2105932,2.1770215,0.82999879,27,238
c12e,1697657459079539,5.1982818,2.1742506,0.82685536,24,248
c12e,1697657460079807,5.1986384,2.1733503,0.82412362,25,258
c12e,1697657461079677,5.2131782,2.175576,0.82610065,26,268
c12e,1697657462078579,5.2154856,2.1763937,0.82340217,25,278
c12e,1697657463078589,5.2154517,2.1861675,0.82762796,26,288
c12e,1697657464078572,5.2195616,2.1906769,0.82758397,26,298
c12e,1697657465078579,5.2187748,2.1897039,0.82801479,26,308
c12e,1697657466081691,5.2083654,2.1797001,0.83803982,28,318
c12e,1697657467078655,5.2204738,2.1803384,0.83653778,26,328
c12e,1697657468079487,5.2311015,2.1881258,0.83579051,26,338
c12e,1697657469078537,5.2463565,2.1871519,0.84321004,29,348
c12e,1697657470078550,5.2534847,2.1843946,0.83939379,27,358
c12e,1697657471078412,5.2483959,2.1906345,0.83845341,26,368
c12e,1697657472078648,5.2373042,2.1875825,0.8268308,23,378
c12e,1697657473078468,5.2241173,2.1830592,0.82007676,24,388
c12e,1697657474078555,5.2200737,2.1749547,0.83521676,29,398
c12e,1697657475078526,5.2057219,2.1853642,0.83089739,24,408
c12e,1697657476079582,5.2154284,2.1808865,0.83248627,27,418
c12e,1697657477078566,5.2179785,2.180202,0.82997429,25,428
c12e,1697657478078565,5.2260652,2.1802418,0.83678359,28,438
c12e,1697657479078696,5.2135963,2.1813753,0.83636582,25,448
c12e,1697657480078764,5.21442,2.1791286,0.83325309,26,458
c12e,1697657481079596,5.2105951,2.1822777,0.81962621,22,468
c12e,1697657482079936,5.2330585,2.1809533,0.83460212,30,478
c12e,1697657483078923,5.2366891,2.1851032,0.8249293,24,488
c12e,1697657484078631,5.2481623,2.1901836,0.8328445,28,498
c12e,1697657485078643,5.2458987,2.1837106,0.83517075,27,508
c12e,1697657486078596,5.2665105,2.1892364,0.83673853,28,518
c12e,1697657487078693,5.2627692,2.1708412,0.85375988,32,528
c12e,1697657488078721,5.2612157,2.1806269,0.83720028,23,538
c12e,1697657489078704,5.2547069,2.1802974,0.82906324,24,548
c12e,1697657490078737,5.2475629,2.1838646,0.82282466,24,558
c12e,1697657491078852,5.2341542,2.1833718,0.82369554,25,568
c12e,1697657492078814,5.2270727,2.1842644,0.82572883,26,578
c12e,1697657493079928,5.2160182,2.1728244,0.83368492,28,588
c12e,1697657494079538,5.2239671,2.1729207,0.82562804,24,598
c12e,1697657495078750,5.2441254,2.1685572,0.82346356,26,608
c12e,1697657496078672,5.245235,2.1746008,0.830267,27,618
c12e,1697657497079009,5.2295747,2.1767893,0.83503985,26,628
c12e,1697657498079278,5.2244873,2.1885104,0.83096623,24,638
c12e,1697657499078870,5.2166419,2.1871822,0.83488387,26,648
c12e,1697657500079816,5.2089138,2.1929016,0.83793467,26,658
c12e,1697657501079198,5.2349534,2.1934404,0.837169,27,668
c12e,1697657502078951,5.2241969,2.1775491,0.84049696,27,678
c12e,1697657503079300,5.2296944,2.1804168,0.82824427,24,688
c12e,1697657504078972,5.2257361,2.1802187,0.82354093,24,698
c12e,1697657505078720,5.249382,2.1885507,0.81573832,24,708
c12e,1697657506078745,5.2385592,2.1760952,0.8227098,27,718
c12e,1697657507079522,5.2370768,2.1803133,0.83057725,27,728
c12e,1697657508078811,5.2300644,2.1817915,0.83267808,26,738
c12e,1697657509079006,5.2567453,2.1803126,0.82697064,26,748
c12e,1697657510078700,5.2463455,2.1873043,0.80097073,20,758
c12e,1697657511079743,5.229969,2.1886082,0.81239122,26,768
c12e,1697657512078952,5.2317677,2.1956217,0.82102233,27,778
c12e,1697657513078803,5.2402487,2.1860745,0.8267802,28,788
c12e,1697657514079044,5.2295218,2.18649,0.82658648,25,798
c12e,1697657515079898,5.2224793,2.19322,0.82089067,23,808
c12e,1697657516078778,5.45881,2.1944273,0.85378611,47,818
c12e,1697657517078854,5.393518,2.1952219,0.84408176,24,828
c12e,1697657518078714,5.349298,2.1802561,0.84427667,27,838
c12e,1697657519078758,5.3095126,2.1887946,0.84883225,27,848
c12e,1697657520078762,5.2800517,2.1784554,0.84961081,27,858
c12e,1697657521079553,5.261,2.1812358,0.84634477,26,868
c12e,1697657522079234,5.257792,2.1808596,0.85118026,29,878
c12e,1697657523078862,5.23501,2.1671345,0.85770404,29,888
c12e,1697657524078785,5.2235384,2.1680527,0.84791654,25,898
c12e,1697657525078952,5.22291,2.1670227,0.84949535,28,908
c12e,1697657526079862,5.2198324,2.1663089,0.86047757,30,918
c12e,1697657527078786,5.228271,2.1620183,0.85581255,27,928
c12e,1697657528079193,5.2239332,2.1742928,0.84810674,25,938
c12e,1697657529078983,5.2203207,2.1796913,0.8520593,28,948
c12e,1697657530079224,5.2251358,2.1790879,0.85486823,28,958
c12e,1697657531079682,5.2012668,2.1839733,0.849525,24,968
c12e,1697657532078866,5.200604,2.1785092,0.86730784,32,978
c12e,1697657533078812,5.2047324,2.1863451,0.85140371,24,988
c12e,1697657534080002,5.2309642,2.2004912,0.83767384,24,998
c12e,1697657535078940,5.2361712,2.1899652,0.84706467,30,1008
c12e,1697657536079150,5.2319474,2.1942186,0.84393674,26,1018
c12e,1697657537079097,5.2454181,2.2022126,0.8396346,26,1028
c12e,1697657538078964,5.23495,2.1990724,0.82996655,24,1038
c12e,1697657539080443,5.2256575,2.1902177,0.83946663,28,1048
c12e,1697657540078891,5.2313972,2.183202,0.83659351,26,1058
c12e,1697657541078898,5.2165761,2.1832798,0.84048551,26,1068
c12e,1697657542079107,5.2290444,2.1918724,0.82987821,24,1078
c12e,1697657543079215,5.2171311,2.187268,0.81970435,23,1088
c12e,1697657544078901,5.2104754,2.1913574,0.81910741,24,1098
c12e,1697657545079226,5.202898,2.1892071,0.81981045,25,1108
c12e,1697657546079012,5.2228475,2.1792345,0.82190603,27,1118
c12e,1697657547080042,5.2257276,2.180403,0.82168663,25,1128
c12e,1697657548100250,5.2273211,2.1879272,0.83026087,27,1138
c12e,1697657549079082,5.2087293,2.1786079,0.83939058,27,1148
c12e,1697657550078928,5.2105012,2.1757677,0.84247106,27,1158
c12e,1697657551079252,5.2117262,2.1796827,0.83439577,24,1168
c12e,1697657552078921,5.2197227,2.1871271,0.82526273,24,1178
c12e,1697657553080703,5.226048,2.1770678,0.83788675,30,1188
c12e,1697657554079936,5.2225957,2.1783438,0.85001373,29,1198
c12e,1697657555079721,5.21972,2.1788282,0.85607392,29,1208
c12e,1697657556079005,5.2185087,2.1803377,0.83761656,23,1218
c12e,1697657557079005,5.2135062,2.1726482,0.853063,30,1228
c12e,1697657558079374,5.2209821,2.1793704,0.84197819,25,1238
c12e,1697657559079100,5.2240539,2.1808405,0.83288521,24,1248
c12e,1697657560079865,5.2238665,2.1860654,0.83095592,25,1258
c12e,1697657561080568,5.2387633,2.1833856,0.83177257,27,1268
c12e,1697657562078946,5.2479935,2.1796217,0.83659059,28,1278
c12e,1697657563080293,5.2279806,2.176681,0.834386,47,1288
c12e,1697657564080135,5.2333274,2.1872666,0.83109528,25,1298
c12e,1697657565079062,5.2241182,2.1901991,0.82322609,23,1308
c12e,1697657566079042,5.2251453,2.1929255,0.832281,28,1318
c12e,1697657567079586,5.2202663,2.1897955,0.83402705,26,1328
c12e,1697657568079317,5.2143364,2.1827686,0.83950692,27,1338
c12e,1697657569079138,5.2401829,2.1760478,0.83139074,26,1348
c12e,1697657570079002,5.22877,2.1824479,0.82461441,24,1358
c12e,1697657571079141,5.229094,2.1740603,0.83219266,28,1368
c12e,1697657572079384,5.2246408,2.1712222,0.8332299,26,1378
c12e,1697657573078986,5.2243166,2.1620343,0.84895694,31,1388
c12e,1697657574079130,5.2225647,2.1662555,0.84981626,27,1398
c12e,1697657575079928,5.20037,2.1601622,0.856318,28,1408
c12e,1697657576079286,5.2224665,2.1717153,0.82985222,22,1418
c12e,1697657577079397,5.2269073,2.1711404,0.826018,25,1428
c12e,1697657578079418,5.2271695,2.1654387,0.83537596,29,1438
c12e,1697657579079310,5.2236223,2.1648612,0.82464284,24,8
c12e,1697657580079116,5.2380385,2.1689339,0.83629346,29,18
c12e,1697657581079850,5.2454834,2.1746778,0.83193332,26,28
c12e,1697657582079132,5.2395988,2.1784747,0.83904278,28,38
c12e,1697657583079320,5.2269168,2.1785283,0.84616286,28,48
c12e,1697657584079995,5.2006946,2.174099,0.85078925,27,58
c12e,1697657585079078,5.2040615,2.1779475,0.83771026,24,68
c12e,1697657586079181,5.2168307,2.1829555,0.83376521,26,78
c12e,1697657587079102,5.2204623,2.1850147,0.82696748,24,88
c12e,1697657588079677,5.2218275,2.1935048,0.81990433,23,98
c12e,1697657589079315,5.2231688,2.2011654,0.81662959,24,108
c12e,1697657590079225,5.2275968,2.2058449,0.81627256,25,118
c12e,1697657591079102,5.2357512,2.1929946,0.83354694,30,128
c12e,1697657592079089,5.2277255,2.1929841,0.8244915,23,138
c12e,1697657593079957,5.2118835,2.1864271,0.8386879,28,148
c12e,1697657594079381,5.2096438,2.17235,0.85010672,30,158
c12e,1697657595079697,5.209094,2.1820748,0.85089773,27,168
c12e,1697657596079336,5.20802,2.1844525,0.84134018,24,178
c12e,1697657597079197,5.2042937,2.1805229,0.8323819,24,188
c12e,1697657598080250,5.2062259,2.1709969,0.85227752,32,198
c12e,1697657599081086,5.2131381,2.1795173,0.83518344,23,208
c12e,1697657600080099,5.2060404,2.1814523,0.83566636,26,218
c12e,1697657601079217,5.2158594,2.1752152,0.84282428,29,228
c12e,1697657602080128,5.2038527,2.1786234,0.8385523,25,238
c12e,1697657603079194,5.2054195,2.180186,0.84257782,27,248
c12e,1697657604089375,5.2075434,2.1877925,0.83109778,23,258
c12e,1697657605079974,5.2008619,2.1753354,0.83986729,28,268
c12e,1697657606080325,5.2126842,2.1849701,0.83316892,25,278
c12e,1697657607079370,5.2061596,2.1909494,0.83156788,25,288
c12e,1697657608079176,5.2070274,2.1801519,0.83354706,27,298
c12e,1697657609079270,5.2171621,2.1700602,0.85710371,33,308
c12e,1697657610080466,5.2123656,2.1700745,0.85791916,28,318
c12e,1697657611080067,5.2237239,2.1727927,0.84642076,25,328
c12e,1697657612079187,5.2329521,2.1893044,0.83418381,24,338
c12e,1697657613079402,5.2477021,2.1933382,0.82369506,24,348
c12e,1697657614079292,5.2381587,2.1956644,0.82290095,25,358
c12e,1697657615079222,5.226995,2.195822,0.82511359,25,368
c12e,1697657616079244,5.2229261,2.19032,0.83020085,27,378
c12e,1697657617079526,5.2282109,2.1889997,0.83238065,27,388
c12e,1697657618079323,5.22896,2.1870553,0.84677696,30,398
c12e,1697657619079854,5.2129693,2.1848829,0.83748978,24,408
c12e,1697657620080419,5.219171,2.1860991,0.83332479,25,418
c12e,1697657621080607,5.2227111,2.193562,0.83206737,25,428
c12e,1697657622080320,5.2131929,2.1843283,0.83667248,27,438
c12e,1697657623079250,5.2087603,2.1958728,0.838046,26,448
c12e,1697657624080551,5.2058458,2.1885655,0.82667309,23,458
c12e,1697657625079660,5.2202716,2.1906633,0.83601809,29,468
c12e,1697657626079332,5.2361,2.1948078,0.84417546,29,478
c12e,1697657627079238,5.2375555,2.1922064,0.8449623,27,488
c12e,1697657628079218,5.2339239,2.184478,0.84609991,27,498
c12e,1697657629083811,5.2223811,2.1645155,0.87833422,36,508
c12e,1697657630079416,5.2345304,2.171958,0.87332404,28,518
c12e,1697657631079344,5.2374954,2.159476,0.87953061,31,528
c12e,1697657632079893,5.2304096,2.1694808,0.85685778,23,538
c12e,1697657633079297,5.2431726,2.1809998,0.83849525,23,548
c12e,1697657634079256,5.2398295,2.1729102,0.83361435,26,558
c12e,1697657635079388,5.23278,2.1636293,0.84586865,30,568
c12e,1697657636079741,5.2388096,2.1691015,0.8414855,26,578
c12e,1697657637079508,5.2392263,2.1700084,0.84276187,27,588
c12e,1697657638079403,5.2456818,2.1704369,0.84442252,28,598
c12e,1697657639079981,5.2319379,2.1734772,0.83812362,25,608
c12e,1697657640080291,5.2317162,2.1677761,0.83629012,26,618
c12e,1697657641079436,5.2196441,2.168905,0.84635079,28,628
c12e,1697657642079389,5.2177382,2.1714282,0.84817833,27,638
c12e,1697657643079672,5.2226796,2.1820791,0.83996689,25,648
c12e,1697657644079862,5.2343893,2.1814137,0.84528911,29,658
c12e,1697657645080432,5.2242708,2.1746757,0.84293544,26,668
c12e,1697657646079314,5.2313738,2.1778827,0.84253275,27,678
c12e,1697657647079466,5.2253633,2.1738207,0.85437733,30,688
c12e,1697657648079540,5.2211061,2.1712396,0.85711306,28,698
c12e,1697657649081172,5.2208824,2.1721702,0.84967333,26,708
c12e,1697657650079479,5.2173305,2.1755388,0.84017134,24,718
c12e,1697657651079453,5.2257786,2.1832812,0.83701128,26,728
c12e,1697657652079352,5.2197824,2.1870186,0.84514928,28,738
c12e,1697657653080264,5.2195807,2.1895463,0.84527636,27,748
c12e,1697657654080178,5.2332196,2.1889777,0.8343336,25,758
c12e,1697657655079528,5.231575,2.1843231,0.84622145,29,768
c12e,1697657656079401,5.2240472,2.1830311,0.84873009,27,778
c12e,1697657657079403,5.2085104,2.1727817,0.8514123,27,788
c12e,1697657658079472,5.2211142,2.1838441,0.84037977,24,798
c12e,1697657659079428,5.2205658,2.1787176,0.84597415,28,808
c12e,1697657660080096,5.2176361,2.1745281,0.83673877,25,818
c12e,1697657661079502,5.2194858,2.1705577,0.83875638,27,828
c12e,1697657662080582,5.2047777,2.1637204,0.83999461,26,838
c12e,1697657663080109,5.213459,2.1671133,0.83680868,26,848
c12e,1697657664079652,5.196456,2.166446,0.84821832,28,858
c12e,1697657665079510,5.2064648,2.1786284,0.84503138,26,868
c12e,1697657666079890,5.203464,2.1706,0.83954769,25,878
c12e,1697657667079541,5.2119918,2.1737497,0.83671087,26,888
c12e,1697657668079463,5.2106786,2.1750815,0.84127021,27,898
c12e,1697657669080270,5.2070827,2.1769331,0.84440732,27,908
c12e,1697657670079497,5.2129364,2.1755643,0.83160353,24,918
c12e,1697657671079432,5.20929,2.1799312,0.82335168,23,928
c12e,1697657672079514,5.2161164,2.174216,0.823052,26,938
c12e,1697657673079576,5.2298245,2.1824183,0.82802939,27,948
c12e,1697657674079484,5.2221222,2.1737933,0.83154261,27,958
c12e,1697657675089723,5.2110958,2.1730554,0.82012761,23,968
c12e,1697657676079665,5.218894,2.1791091,0.83223975,29,978
c12e,1697657677081300,5.2109342,2.1736748,0.84377086,29,988
c12e,1697657678080464,5.2173929,2.1635,0.839859,27,998
c12e,1697657679080322,5.2114573,2.1802664,0.833727,24,1008
c12e,1697657680079678,5.2139726,2.1802421,0.8341682,26,1018
c12e,1697657681079586,5.2204056,2.181139,0.83059371,25,1028
c12e,1697657682079597,5.2187028,2.1843383,0.83560514,27,1038
c12e,1697657683079993,5.2223072,2.1821127,0.8398214,28,1048
c12e,1697657684081146,5.2048593,2.1830196,0.84737182,27,1058
c12e,1697657685079600,5.2027564,2.1768794,0.8504644,28,1068
c12e,1697657686079630,5.1931453,2.1775885,0.84530449,25,1078
c12e,1697657687081748,5.21132,2.1826468,0.83892584,26,1088
c12e,1697657688080325,5.2047634,2.1769853,0.84999567,29,1098
c12e,1697657689080581,5.2130508,2.1733172,0.84506208,26,1108
c12e,1697657690079801,5.2174773,2.1728742,0.84095913,26,1118
c12e,1697657691079725,5.2110004,2.172528,0.84221113,27,1128
c12e,1697657692079626,5.2254877,2.1778803,0.83047736,24,1138
c12e,1697657693079628,5.2220221,2.1749218,0.84005737,28,1148
c12e,1697657694083080,5.2182465,2.1699605,0.84526759,28,1158
c12e,1697657695080482,5.22744,2.1684513,0.83472967,25,1168
c12e,1697657696079671,5.2055745,2.169884,0.83508766,25,1178
c12e,1697657697081850,5.2070107,2.1757691,0.83210939,25,1188
c12e,1697657698079699,5.2172751,2.175951,0.84144932,29,1198
c12e,1697657699080965,5.2252851,2.1782167,0.83164054,24,1208
c12e,1697657700079695,5.2329,2.1881142,0.82377046,24,1218
c12e,1697657701079694,5.2176538,2.1853359,0.83275491,27,1228
c12e,1697657702079792,5.2038879,2.1801715,0.8328014,25,1238
c12e,1697657703079673,5.2256536,2.1782868,0.83176732,27,1248
c12e,1697657704083918,5.2105184,2.1750643,0.83896053,27,1258
c12e,1697657705079987,5.2176995,2.1902504,0.83057445,24,1268
c12e,1697657706080030,5.2213192,2.1800535,0.83454251,27,1278
c12e,1697657707079665,5.2352095,2.186928,0.82761508,25,1288
c12e,1697657708079755,5.231287,2.1782644,0.83411157,28,1298
c12e,1697657709080870,5.2316976,2.1843936,0.83633757,27,1308
c12e,1697657710080112,5.2204232,2.1836319,0.83627588,26,1318
c12e,1697657711079769,5.2014108,2.1751256,0.82841259,23,1328
c12e,1697657712079850,5.2219453,2.1845732,0.81603545,23,1338
c12e,1697657713081575,5.2295151,2.1905189,0.82187796,27,1348
c12e,1697657714080106,5.226634,2.1780427,0.82966191,28,1358
c12e,1697657715080346,5.2274609,2.1792,0.82278711,24,1368
c12e,1697657716079855,5.2074151,2.1788971,0.82269257,24,1378
c12e,1697657717079780,5.2151518,2.1804671,0.80937737,22,1388
c12e,1697657718079798,5.2112837,2.1824229,0.82040972,27,1398
c12e,1697657719080672,5.1960483,2.1855721,0.8230927,25,1408
c12e,1697657720079797,5.2096434,2.1945622,0.80802506,21,1418
c12e,1697657721080114,5.2081194,2.1933343,0.80625939,24,1428
c12e,1697657722079846,5.2047095,2.1852756,0.82082546,28,1438
c12e,1697657723080674,5.2283492,2.1879842,0.81411833,24,8
c12e,1697657724079838,5.22978,2.1837113,0.82860643,29,18
c12e,1697657725079878,5.2286429,2.1790643,0.83078134,27,28
c12e,1697657726080340,5.2263112,2.178371,0.83500242,27,38
c12e,1697657727079860,5.2264633,2.1872435,0.83962071,27,48
c12e,1697657728079864,5.2221427,2.1986475,0.84047526,26,58
c12e,1697657729079910,5.2155256,2.1990469,0.83527309,25,68
c12e,1697657730079924,5.2232652,2.1896768,0.83553928,27,78
c12e,1697657731080190,5.2342205,2.1930556,0.82480687,24,88
c12e,1697657732079945,5.2245069,2.1826711,0.81750512,24,98
c12e,1697657733079873,5.2146559,2.1673698,0.82501739,27,108
c12e,1697657734079918,5.2135568,2.1775839,0.80837029,21,118
c12e,1697657735079893,5.21886,2.1824515,0.8078751,24,128
c12e,1697657736080002,5.2137823,2.1737447,0.80748773,24,138
c12e,1697657737080665,5.2198558,2.1802125,0.80808049,25,148
c12e,1697657738079849,5.2265558,2.176383,0.823252,29,158
c12e,1697657739080009,5.2279792,2.1781065,0.82478213,26,168
c12e,1697657740080850,5.2268128,2.1857204,0.8142463,23,178
c12e,1697657741079936,5.2217555,2.178009,0.81689078,26,188
c12e,1697657742080009,5.2243147,2.1853819,0.81861496,25,198
c12e,1697657743080322,5.1990342,2.1837862,0.81934708,24,208
c12e,1697657744080304,5.2046046,2.1906431,0.81131953,23,218
c12e,1697657745079979,5.1921706,2.1989193,0.81868309,25,228
c12e,1697657746080931,5.2045836,2.1860726,0.83110714,29,238
c12e,1697657747079951,5.2033072,2.1737413,0.83159238,26,248
c12e,1697657748079973,5.199976,2.1634436,0.83750182,28,258
c12e,1697657749080327,5.2028294,2.1700885,0.84385157,28,268
c12e,1697657750079988,5.2167778,2.1793435,0.83742845,25,278
c12e,1697657751081883,5.2094779,2.1811557,0.83019775,24,288
c12e,1697657752080371,5.2121825,2.1788018,0.83945197,28,298
c12e,1697657753081506,5.2089572,2.1779239,0.84674108,28,308
c12e,1697657754079964,5.2185054,2.1787105,0.84753317,28,318
c12e,1697657755080532,5.2226539,2.1764302,0.85766059,30,328
c12e,1697657756081019,5.2158451,2.1832511,0.83844256,22,338
c12e,1697657757081289,5.2265663,2.1815231,0.845633,29,348
c12e,1697657758080068,5.2148676,2.1826539,0.82995665,22,358
c12e,1697657759080332,5.2151794,2.1812377,0.83258176,27,368
c12e,1697657760080052,5.2158337,2.1694808,0.83959734,28,378
c12e,1697657761080344,5.2074256,2.162909,0.84829509,29,388
c12e,1697657762080019,5.2104974,2.1695168,0.844412,26,398
c12e,1697657763080027,5.1914668,2.1674469,0.84650946,26,408
c12e,1697657764080929,5.2054038,2.1802506,0.83342153,23,418
c12e,1697657765080902,5.2009525,2.186228,0.8365711,26,428
c12e,1697657766080462,5.2102256,2.1802783,0.84402639,29,438
c12e,1697657767081446,5.2175546,2.188061,0.83569437,25,448
c12e,1697657768080132,5.2115169,2.1892986,0.83563459,26,458
c12e,1697657769080991,5.2227035,2.18349,0.84851873,30,468
c12e,1697657770081240,5.2231789,2.183305,0.83722508,24,478
c12e,1697657771079990,5.23599,2.1883101,0.8415336,28,488
c12e,1697657772080386,5.2359161,2.1808548,0.84175104,27,498
c12e,1697657773080092,5.2544703,2.1785679,0.84863949,30,508
c12e,1697657774080974,5.2527227,2.1824887,0.83636218,24,518
c12e,1697657775080314,5.2591748,2.1855831,0.8394894,28,528
c12e,1697657776080145,5.2655635,2.1843257,0.83131826,25,538
c12e,1697657777080472,5.2519264,2.1796982,0.8227514,24,548
c12e,1697657778080094,5.2516093,2.17388,0.83285016,29,558
c12e,1697657779080238,5.2341332,2.1721663,0.83265316,26,568
c12e,1697657780080118,5.2288985,2.1854844,0.81629896,21,578
c12e,1697657781081254,5.2212672,2.1848929,0.82355088,26,588
c12e,1697657782080242,5.2207041,2.1896448,0.81833148,24,598
c12e,1697657783080525,5.2174487,2.1899655,0.80986279,23,608
c12e,1697657784080156,5.2230206,2.1807687,0.81566828,27,618
c12e,1697657785080470,5.2118473,2.1827493,0.81748885,25,628
c12e,1697657786080156,5.2044616,2.1837296,0.81557757,24,638
c12e,1697657787081932,5.1977005,2.175596,0.81366825,24,648
c12e,1697657788081280,5.2021508,2.1787105,0.82265997,27,658
c12e,1697657789080181,5.2183847,2.1848309,0.8151474,24,668
c12e,1697657790080179,5.2233162,2.1808267,0.81706846,26,678
c12e,1697657791080797,5.2266603,2.1910663,0.81983894,25,688
c12e,1697657792082202,5.2268739,2.184752,0.83113265,28,698
c12e,1697657793080200,5.234797,2.1726229,0.83730948,29,708
c12e,1697657794082146,5.2459159,2.1746213,0.82116622,23,718
c12e,1697657795080500,5.24134,2.1732256,0.83118045,28,728
c12e,1697657796089516,5.222867,2.167825,0.83502889,26,738
c12e,1697657797080369,5.2398877,2.1690269,0.83343792,27,748
c12e,1697657798081161,5.2382994,2.1824131,0.8303296,25,758
c12e,1697657799080682,5.2407374,2.180939,0.8310774,27,768
c12e,1697657800080509,5.2321739,2.1736126,0.83044839,26,778
c12e,1697657801081069,5.2445512,2.1787417,0.83689213,28,788
c12e,1697657802080189,5.2480946,2.1866586,0.8312996,25,798
c12e,1697657803080771,5.2428803,2.1806118,0.83163261,26,808
c12e,1697657804080260,5.2493811,2.1846786,0.83946824,29,818
c12e,1697657805081721,5.259223,2.181514,0.83883876,27,828
c12e,1697657806080261,5.2270293,2.17096,0.84726095,28,838
c12e,1697657807080283,5.2356462,2.1773453,0.84454018,27,848
c12e,1697657808080241,5.2402186,2.1651089,0.84443706,28,858
c12e,1697657809080201,5.2387562,2.1698089,0.8385849,25,868
c12e,1697657810080418,5.2312646,2.1706567,0.851576,30,878
c12e,1697657811080596,5.2276106,2.1718893,0.83490556,23,888
c12e,1697657812083352,5.2253613,2.1765935,0.83049488,25,898
c12e,1697657813080242,5.2113247,2.1789963,0.81928045,22,908
c12e,1697657814080330,5.2152033,2.1784499,0.83302373,29,918
c12e,1697657815080352,5.2175817,2.1787038,0.83544058,27,928
c12e,1697657816080637,5.2266111,2.1805863,0.83186203,26,938
c12e,1697657817080646,5.2376637,2.630192,0.66140121,89,948
c12e,1697657818080318,5.2387624,2.5235097,0.71120238,28,958
c12e,1697657819080520,5.2242136,2.4416137,0.73520619,24,968
c12e,1697657820081230,5.2214622,2.3881297,0.75979459,25,978
c12e,1697657821082121,5.2119393,2.3237367,0.7810123,27,988
c12e,1697657822080306,5.1981959,2.2867799,0.79664296,26,998
c12e,1697657823081540,5.2077727,2.2603917,0.81054109,28,1008
c12e,1697657824080299,5.2199187,2.246079,0.81543046,26,1018
c12e,1697657825080268,5.2129946,2.2194362,0.82134342,26,1028
c12e,1697657826080352,5.2168574,2.2056894,0.82713956,27,1038
c12e,1697657827080666,5.2375574,2.1980448,0.82818836,27,1048
c12e,1697657828080373,5.2326245,2.1921065,0.82118368,24,1058
c12e,1697657829081000,5.235435,2.1887114,0.82748091,27,1068
c12e,1697657830080284,5.2565145,2.182332,0.83635521,30,1078
c12e,1697657831080360,5.2424831,2.1682491,0.84231532,28,1088
c12e,1697657832080308,5.2251816,2.1750255,0.8359769,24,1098
c12e,1697657833080365,5.2313662,2.1824796,0.82212412,23,1108
c12e,1697657834080322,5.2322874,2.1792512,0.82947385,28,1118
c12e,1697657835081034,5.2360353,2.181355,0.82380587,25,1128
c12e,1697657836080399,5.2375069,2.1737006,0.83399516,29,1138
c12e,1697657837080738,5.2381997,2.1718385,0.83902323,28,1148
c12e,1697657838080402,5.2269831,2.1694677,0.84145379,27,1158
c12e,1697657839083404,5.2405758,2.1763647,0.84409493,28,1168
c12e,1697657840080384,5.2206769,2.1652741,0.84173876,26,1178
c12e,1697657841081612,5.2367926,2.1731675,0.83729857,26,1188
c12e,1697657842080747,5.2289271,2.1725371,0.84060097,27,1198
c12e,1697657843080477,5.2322655,2.161926,0.84717923,29,1208
c12e,1697657844080954,5.2242913,2.1649382,0.85651892,29,1218
c12e,1697657845080877,5.2134285,2.1718335,0.85405236,26,1228
c12e,1697657846081536,5.2176633,2.184715,0.84401172,24,1238
c12e,1697657847081200,5.2286706,2.1716435,0.8497687,29,1248
c12e,1697657848080460,5.229085,2.1760283,0.84491217,26,1258
c12e,1697657849080448,5.2136846,2.1828394,0.84148759,25,1268
c12e,1697657850080457,5.2244878,2.1835091,0.83819968,26,1278
c12e,1697657851080466,5.2209959,2.1871185,0.83858174,26,1288
c12e,1697657852080501,5.21887,2.19689,0.83448476,25,1298
c12e,1697657853081217,5.2247958,2.1825855,0.83972579,28,1308
c12e,1697657854080477,5.2329092,2.1865504,0.84214455,27,1318
c12e,1697657855081618,5.2231894,2.1833878,0.82618517,22,1328
c12e,1697657856080481,5.2239056,2.1753278,0.84590858,31,1338
c12e,1697657857081778,5.2184353,2.1795087,0.85383,29,1348
c12e,1697657858080766,5.2121377,2.1889505,0.84784967,25,1358
c12e,1697657859081234,5.2172155,2.1891694,0.841386,25,1368
c12e,1697657860083890,5.2305651,2.1864114,0.83235371,25,1378
c12e,1697657861080799,5.2254071,2.19378,0.82575405,24,1388
c12e,1697657862080522,5.227385,2.190819,0.83056045,27,1398
c12e,1697657863080630,5.2280388,2.1871414,0.8433224,29,1408
c12e,1697657864080583,5.22595,2.189362,0.82999563,23,1418
c12e,1697657865080888,5.2095571,2.1874568,0.83327675,26,1428
c12e,1697657866080562,5.2165155,2.193198,0.83865595,27,1438
c12e,1697657867080530,5.2203856,2.1830108,0.83072829,25,8
c12e,1697657868080575,5.2257447,2.1825452,0.83581173,28,18
c12e,1697657869080690,5.2211676,2.187403,0.83408129,25,28
c12e,1697657870081033,5.2257862,2.1941524,0.83623034,27,38
c12e,1697657871080551,5.2224426,2.1844025,0.85125607,30,48
c12e,1697657872080894,5.2137189,2.1816812,0.85326403,27,58
c12e,1697657873080655,5.2268295,2.1844196,0.85862833,29,68
c12e,1697657874080588,5.217411,2.1879194,0.846281,24,78
c12e,1697657875080604,5.2053475,2.1825864,0.84555292,26,88
c12e,1697657876080918,5.2205815,2.199147,0.83061606,23,98
c12e,1697657877080642,5.2175984,2.195107,0.82471424,24,108
c12e,1697657878081504,5.2273631,2.1996574,0.81452227,23,118
c12e,1697657879081844,5.2252412,2.1982076,0.82323742,27,128
c12e,1697657880080597,5.218514,2.1800263,0.83463,29,138
c12e,1697657881081069,5.2249975,2.1760728,0.83622032,27,148
c12e,1697657882081610,5.2309413,2.173439,0.85140163,31,158
c12e,1697657883080666,5.2200851,2.1698337,0.84303284,25,168
c12e,1697657884080646,5.2292037,2.1630137,0.86495757,34,178
c12e,1697657885080711,5.2375145,2.1625524,0.84809291,25,188
c12e,1697657886082198,5.2165823,2.1501491,0.86227381,30,198
c12e,1697657887081327,5.2092252,2.1527591,0.86533648,28,208
c12e,1697657888081840,5.2018361,2.160254,0.84564036,22,218
c12e,1697657889081832,5.214294,2.1605222,0.83414078,25,228
c12e,1697657890081756,5.2144704,2.1649683,0.83182651,25,238
c12e,1697657891081534,5.2231278,2.1675262,0.8361128,28,248
c12e,1697657892081326,5.2302814,2.1652076,0.83682239,27,258
c12e,1697657893080715,5.24295,2.1736524,0.82795423,25,268
c12e,1697657894080693,5.2506857,2.1839752,0.81908774,24,278
c12e,1697657895080694,5.2438293,2.1823556,0.81314504,24,288
c12e,1697657896080718,5.2430515,2.1755097,0.81216633,25,298
c12e,1697657897080725,5.2090678,2.1767783,0.82081628,25,308
c12e,1697657898081527,5.2721252,2.1754599,0.81407,26,318
c12e,1697657899082062,5.2468634,2.1855309,0.81643707,24,328
c12e,1697657900081721,5.2361097,2.1890416,0.80984867,23,338
c12e,1697657901080779,5.2443776,2.1934497,0.82033509,28,348
c12e,1697657902080790,5.2368245,2.1733553,0.84464055,32,358
c12e,1697657903080759,5.247807,2.1781168,0.83563125,25,368
c12e,1697657904081057,5.2388363,2.169929,0.84448916,29,378
c12e,1697657905080740,5.2389817,2.1803613,0.82727379,22,388
c12e,1697657906080742,5.2324157,2.1857452,0.8273626,25,398
c12e,1697657907080787,5.2301188,2.1812513,0.83102089,27,408
c12e,1697657908080766,5.2315669,2.1763971,0.84200156,29,418
c12e,1697657909081133,5.2277513,2.1858842,0.83652443,25,428
c12e,1697657910081725,5.4519272,2.1780899,0.85799521,46,438
c12e,1697657911081388,5.4061909,2.1836019,0.85830551,28,448
c12e,1697657912081062,5.3617449,2.1864736,0.85156053,26,458
c12e,1697657913081690,5.3274412,2.1924689,0.83723384,23,468
c12e,1697657914082241,5.3043337,2.1983421,0.84176075,27,478
c12e,1697657915080820,5.2751126,2.1913254,0.8470903,28,488
c12e,1697657916080856,5.2725506,2.1940718,0.84438258,27,498
c12e,1697657917080844,5.2684007,2.1930926,0.83558768,25,508
c12e,1697657918081512,5.2466779,2.1817787,0.84953481,30,518
c12e,1697657919080833,5.2476144,2.1822362,0.85051614,28,528
c12e,1697657920081166,5.2461438,2.181973,0.84169847,25,538
c12e,1697657921082174,5.2507124,2.1829989,0.83601743,49,548
c12e,1697657922081262,5.2367144,2.1867948,0.83791959,26,558
c12e,1697657923080818,5.234271,2.1953833,0.82227951,22,568
c12e,1697657924080826,5.2465506,2.18955,0.81730229,25,578
c12e,1697657925081182,5.2454081,2.1976805,0.81089807,23,588
c12e,1697657926080896,5.2639275,2.1974702,0.81965989,28,598
c12e,1697657927081260,5.26863,2.1955152,0.82464957,27,608
c12e,1697657928081056,5.2497759,2.1896393,0.81894535,24,618
c12e,1697657929080910,5.2514219,2.1845484,0.83504379,30,628
c12e,1697657930082200,5.2424917,2.1870589,0.8368277,26,638
c12e,1697657931080897,5.2481508,2.1840303,0.83010846,25,648
c12e,1697657932081898,5.2409325,2.1897676,0.83121955,26,658
c12e,1697657933080886,5.2474208,2.1829526,0.82751876,26,668
c12e,1697657934081878,5.2458496,2.1776257,0.83001035,27,678
c12e,1697657935081351,5.2528849,2.1792018,0.83269316,27,688
c12e,1697657936082756,5.2511659,2.1791892,0.83401316,27,698
c12e,1697657937080918,5.251039,2.1734982,0.84129643,29,708
c12e,1697657938081320,5.2483163,2.1878581,0.83706993,25,718
c12e,1697657939080934,5.2372484,2.1899281,0.83508813,25,728
c12e,1697657940081050,5.2316246,2.1777561,0.83775866,27,738
c12e,1697657941081318,5.2371697,2.1899829,0.83655936,26,748
c12e,1697657942084070,5.24677,2.1930256,0.83596289,27,758
c12e,1697657943081106,5.2535114,2.1883128,0.83100247,26,768
c12e,1697657944080941,5.2395458,2.1837463,0.82933158,25,778
c12e,1697657945081020,5.2501988,2.1888528,0.82436436,25,788
c12e,1697657946081268,5.2426276,2.18294,0.82790649,27,798
c12e,1697657947081386,5.2228174,2.1808362,0.83537382,27,808
c12e,1697657948081199,5.2336016,2.1774263,0.84377623,29,818
c12e,1697657949081070,5.2418976,2.1813915,0.8336944,25,828
c12e,1697657950081090,5.237174,2.184016,0.83432889,26,838
c12e,1697657951092998,5.2368746,2.1963313,0.82622874,24,848
c12e,1697657952082412,5.2355938,2.1890011,0.83167613,27,858
c12e,1697657953082184,5.249742,2.1769207,0.82921815,27,868
c12e,1697657954082374,5.234519,2.1867404,0.82468462,24,878
c12e,1697657955082441,5.2391095,2.1885655,0.826993,26,888
c12e,1697657956081031,5.235919,2.1816058,0.843601,30,898
c12e,1697657957081041,5.2276778,2.1762924,0.85031277,28,908
c12e,1697657958081643,5.2357059,2.1759799,0.84942067,28,918
c12e,1697657959081039,5.2309246,2.1871357,0.8491993,27,928
c12e,1697657960081133,5.2291493,2.1871877,0.84183013,25,938
c12e,1697657961081510,5.2234097,2.1859765,0.82639849,22,948
c12e,1697657962081139,5.2218843,2.1842122,0.83289742,27,958
c12e,1697657963082484,5.2355328,2.1783121,0.84328705,30,968
c12e,1697657964081108,5.4753242,2.1729021,0.88332915,48,978
c12e,1697657965081350,5.4072566,2.1782,0.87580037,27,988
c12e,1697657966081337,5.3550353,2.1794295,0.868177,26,998
c12e,1697657967081244,5.3210311,2.176214,0.86587435,28,1008
c12e,1697657968081315,5.2968497,2.17539,0.85299277,25,1018
c12e,1697657969081402,5.2798743,2.1675258,0.86055243,30,1028
c12e,1697657970081084,5.276094,2.166153,0.86058986,29,1038
c12e,1697657971081078,5.2634034,2.1667075,0.85383534,26,1048
c12e,1697657972081907,5.2655478,2.181818,0.84575248,25,1058
c12e,1697657973081060,5.2455807,2.1776013,0.83904064,25,1068
c12e,1697657974081768,5.2541761,2.1840758,0.83369595,26,1078
c12e,1697657975081134,5.2538528,2.1690533,0.85259193,32,1088
c12e,1697657976081131,5.2469893,2.170893,0.86712855,31,1098
c12e,1697657977081168,5.2481041,2.1737525,0.85863018,26,1108
c12e,1697657978081164,5.2328787,2.1805806,0.84745687,24,1118
c12e,1697657979082609,5.23143,2.1729152,0.8659336,32,1128
c12e,1697657980082181,5.2306495,2.1776392,0.85820568,26,1138
c12e,1697657981081261,5.23515,2.1822703,0.8464663,25,1148
c12e,1697657982081414,5.234849,2.1870422,0.84952593,28,1158
c12e,1697657983082180,5.2318988,2.1967938,0.84208071,25,1168
c12e,1697657984081726,5.2236924,2.1991208,0.83641225,25,1178
c12e,1697657985081536,5.2180347,2.1985166,0.84180653,27,1188
c12e,1697657986081241,5.2072535,2.1913443,0.84998649,28,1198
c12e,1697657987081239,5.209619,2.18339,0.85627693,29,1208
c12e,1697657988082157,5.204155,2.1757293,0.85758013,28,1218
c12e,1697657989081690,5.2097173,2.1751785,0.84469652,24,1228
c12e,1697657990081549,5.2174149,2.1839385,0.83122176,23,1238
c12e,1697657991081182,5.2180142,2.1861084,0.83068287,26,1248
c12e,1697657992081273,5.2155075,2.1898031,0.81643164,22,1258
c12e,1697657993081206,5.2107515,2.1879544,0.83492362,29,1268
c12e,1697657994081259,5.232707,2.191447,0.8405357,28,1278
c12e,1697657995082647,5.4612436,2.1885931,0.857868,47,1288
c12e,1697657996081329,5.415103,2.1916835,0.846923,25,1298
c12e,1697657997081294,5.3659549,2.1983519,0.83723211,24,1308
c12e,1697657998081576,5.3238015,2.1956983,0.83442539,25,1318
c12e,1697657999081896,5.2955995,2.1910353,0.84533489,29,1328
c12e,1697658000082672,5.2766752,2.1829915,0.85462517,30,1338
c12e,1697658001081256,5.2700315,2.1892297,0.84399045,25,1348
c12e,1697658002081360,5.2616248,2.1864173,0.84699041,28,1358
c12e,1697658003081294,5.2402539,2.1791537,0.84642321,26,1368
c12e,1697658004081536,5.2365661,2.1849122,0.84798139,27,1378
c12e,1697658005082586,5.21841,2.170428,0.86275369,31,1388
c12e,1697658006081693,5.2173705,2.1727142,0.86745912,29,1398
c12e,1697658007081268,5.2447224,2.1833649,0.85139924,25,1408
c12e,1697658008082383,5.2425647,2.1803901,0.84541738,26,1418
c12e,1697658009081286,5.2462111,2.1840875,0.847344,28,1428
c12e,1697658010081341,5.2406144,2.1849017,0.84043866,25,1438
c12e,1697658011082710,5.2386036,2.1792743,0.838188,26,8
c12e,1697658012081395,5.2166319,2.1804197,0.83413792,24,18
c12e,1697658013081500,5.2274175,2.1830287,0.84153432,29,28
c12e,1697658014081436,5.2352028,2.1797359,0.8407867,27,38
c12e,1697658015081359,5.2409682,2.1756158,0.83315974,25,48
c12e,1697658016081348,5.232729,2.1794276,0.82980692,25,58
c12e,1697658017081832,5.2357635,2.1874034,0.8247475,25,68
c12e,1697658018081387,5.2379093,2.1892219,0.8345204,28,78
c12e,1697658019081428,5.2410722,2.18022,0.84262806,29,88
c12e,1697658020081394,5.2551603,2.1704543,0.85533369,32,98
c12e,1697658021082290,5.2401981,2.1653979,0.86450714,30,108
c12e,1697658022082901,5.259604,2.1780035,0.85641432,27,118
c12e,1697658023082346,5.2373629,2.1848123,0.85989052,27,128
c12e,1697658024082242,5.2492971,2.1870549,0.83429992,22,138
c12e,1697658025081423,5.2540312,2.183049,0.83991158,28,148
c12e,1697658026082249,5.2446022,2.1831651,0.8381868,26,158
c12e,1697658027081421,5.222754,2.1670423,0.85469806,30,168
c12e,1697658028083735,5.2428117,2.1721103,0.85597408,29,178
c12e,1697658029081440,5.2439,2.165946,0.85878307,29,188
c12e,1697658030081425,5.2372975,2.1724775,0.84455776,24,198
c12e,1697658031082180,5.2262135,2.1768105,0.83430129,24,208
c12e,1697658032081468,5.2210112,2.18547,0.82344872,23,218
c12e,1697658033082050,5.231626,2.1867557,0.82644528,27,228
c12e,1697658034081811,5.2124729,2.1680355,0.85011488,31,238
c12e,1697658035081461,5.2246375,2.1766448,0.85371989,28,248
c12e,1697658036082337,5.2316051,2.1785181,0.86063755,30,258
c12e,1697658037081535,5.2397661,2.1795945,0.8423143,24,268
c12e,1697658038081469,5.2173681,2.1868021,0.8270219,21,278
c12e,1697658039082434,5.3454967,2.1909726,0.81400967,35,288
c12e,1697658040081470,5.3217039,2.1883197,0.82481015,28,298
c12e,1697658041081627,5.3090038,2.18454,0.84273356,31,308
c12e,1697658042082655,5.2981267,2.1761529,0.84494656,28,318
c12e,1697658043082403,5.2963839,2.1685188,0.85234326,30,328
c12e,1697658044083387,5.2850623,2.1780746,0.8373031,24,338
c12e,1697658045081786,5.2639141,2.1758687,0.82695282,24,348
c12e,1697658046081499,5.265408,2.1792204,0.82378179,25,358
c12e,1697658047081517,5.2466478,2.1819997,0.83488852,28,368
c12e,1697658048081787,5.2554069,2.1850319,0.84022224,28,378
c12e,1697658049081513,5.2570934,2.1843174,0.837904,26,388
c12e,1697658050083901,5.2653203,2.1732712,0.83595794,27,398
c12e,1697658051081544,5.2521906,2.1760132,0.82458407,23,408
c12e,1697658052081580,5.2641373,2.1868477,0.81069988,22,418
c12e,1697658053081610,5.2686734,2.1935794,0.81653655,27,428
c12e,1697658054081701,5.2571363,2.1984582,0.81212109,23,438
c12e,1697658055081566,5.238986,2.1991918,0.8288269,28,448
c12e,1697658056081937,5.2358112,2.1980023,0.83154917,26,458
c12e,1697658057081560,5.254149,2.1994467,0.82486528,25,468
c12e,1697658058082422,5.2447653,2.1979213,0.82413179,25,478
c12e,1697658059081703,5.2510281,2.1957307,0.83060408,28,488
c12e,1697658060081548,5.2440743,2.198107,0.81950921,23,498
c12e,1697658061081922,5.2470179,2.195298,0.81784576,25,508
c12e,1697658062081584,5.250638,2.1871688,0.83585578,31,518
c12e,1697658063081576,5.2450304,2.1875114,0.83657426,26,528
c12e,1697658064082478,5.2322793,2.1921175,0.84158635,27,538
c12e,1697658065081654,5.2304859,2.1913729,0.84810376,28,548
c12e,1697658066085663,5.2411618,2.1914876,0.84053314,26,558
c12e,1697658067081500,5.2317829,2.1918538,0.82973111,23,568
c12e,1697658068082545,5.2279358,2.1829286,0.83294541,27,578
c12e,1697658069081594,5.2374382,2.1874743,0.828744,25,588
c12e,1697658070088821,5.2586818,2.195178,0.83730942,29,598
c12e,1697658071081735,5.2572565,2.1957133,0.83554012,26,608
c12e,1697658072082998,5.2571559,2.19314,0.842746,29,618
c12e,1697658073081852,5.248107,2.1842566,0.85670197,31,628
c12e,1697658074082024,5.2436957,2.1710393,0.85588968,28,638
c12e,1697658075081663,5.2380805,2.161762,0.86813587,31,648
c12e,1697658076081807,5.2441568,2.1692822,0.86504191,28,658
c12e,1697658077081631,5.2480369,2.1738639,0.86565286,29,668
c12e,1697658078082553,5.2598357,2.1816182,0.840378,22,678
c12e,1697658079081672,5.2656112,2.1852603,0.83834267,27,688
c12e,1697658080082708,5.255991,2.1864214,0.83455217,25,698
c12e,1697658081082230,5.2398024,2.1870887,0.83782905,26,708
c12e,1697658082083254,5.2399955,2.1843107,0.83908445,27,718
c12e,1697658083081760,5.2356234,2.1821313,0.84304005,28,728
c12e,1697658084083122,5.2242708,2.1653502,0.84574139,28,738
c12e,1697658085082649,5.2275038,2.1750443,0.84087658,26,748
c12e,1697658086082059,5.2496362,2.1782346,0.84307235,28,758
c12e,1697658087081974,5.2317204,2.1715419,0.84323877,26,768
c12e,1697658088081814,5.2317882,2.1805317,0.83837593,25,778
c12e,1697658089081719,5.2282896,2.1858976,0.82653594,23,788
c12e,1697658090082061,5.231461,2.1631129,0.83810925,30,798
c12e,1697658091081775,5.2215652,2.1822989,0.83178711,24,808
c12e,1697658092081766,5.2223039,2.1799653,0.83638585,27,818
c12e,1697658093082922,5.2347288,2.1824257,0.8377043,27,828
c12e,1697658094081726,5.2396441,2.1890795,0.83604628,26,838
c12e,1697658095082401,5.2427573,2.1761782,0.83733392,28,848
c12e,1697658096082275,5.3621335,2.1775696,0.83259046,34,858
c12e,1697658097081806,5.325654,2.1782391,0.83362508,26,868
c12e,1697658098083042,5.3136835,2.1751046,0.83682257,28,878
c12e,1697658099082627,5.2857289,2.1870892,0.83470994,25,888
c12e,1697658100081814,5.259748,2.1828878,0.8331151,25,898
c12e,1697658101082489,5.2575417,2.1871498,0.83355659,26,908
c12e,1697658102081916,5.2543392,2.1746943,0.84699976,30,918
c12e,1697658103081768,5.2398038,2.1758294,0.849646,27,928
c12e,1697658104081828,5.2327476,2.174989,0.84352475,26,938
c12e,1697658105083276,5.2317629,2.1833065,0.83680761,25,948
c12e,1697658106083760,5.2227249,2.1850445,0.84431839,28,958
c12e,1697658107081818,5.2187276,2.1929474,0.83297163,23,968
c12e,1697658108082671,5.2156014,2.1972671,0.81751168,22,978
c12e,1697658109082674,5.2041326,2.1823905,0.82132256,26,988
c12e,1697658110082660,5.2070103,2.1793959,0.81902736,25,998
c12e,1697658111081906,5.2124581,2.1805475,0.81099039,23,1008
c12e,1697658112082158,5.2276874,2.185781,0.81886476,27,1018
c12e,1697658113084793,5.2220435,2.1827962,0.81688833,24,1028
c12e,1697658114082099,5.2249451,2.1789737,0.81364942,25,1038
c12e,1697658115082708,5.2209659,2.1807868,0.81998223,26,1048
c12e,1697658116082860,5.2133074,2.1882057,0.80871439,22,1058
c12e,1697658117083784,5.2235055,2.1909993,0.80816448,25,1068
c12e,1697658118081954,5.2356539,2.182277,0.82081151,29,1078
c12e,1697658119081875,5.2460027,2.1808932,0.82052761,26,1088
c12e,1697658120082289,5.2468557,2.1827457,0.81504041,24,1098
c12e,1697658121081884,5.2453218,2.1758025,0.81358784,25,1108
c12e,1697658122082754,5.2381821,2.1801524,0.82465827,27,1118
c12e,1697658123083014,5.2191606,2.1722326,0.83144945,27,1128
c12e,1697658124081877,5.2242222,2.1743116,0.820639,23,1138
c12e,1697658125083160,5.2128582,2.1751125,0.8189441,24,1148
c12e,1697658126081812,5.2050791,2.179971,0.81986433,25,1158
c12e,1697658127081826,5.2051425,2.1776397,0.82752532,27,1168
c12e,1697658128082041,5.2028737,2.1728,0.82656527,25,1178
c12e,1697658129082091,5.2096872,2.1752615,0.82936305,26,1188
c12e,1697658130081950,5.2155228,2.1829624,0.83185178,26,1198
c12e,1697658131082086,5.2133536,2.1736395,0.85123277,31,1208
c12e,1697658132082002,5.2410679,2.1789956,0.8378647,25,1218
c12e,1697658133082652,5.2471528,2.1843855,0.84125531,28,1228
c12e,1697658134082326,5.2362018,2.1816092,0.84475678,27,1238
c12e,1697658135082235,5.2441893,2.1781418,0.83970064,26,1248
c12e,1697658136082186,5.4722714,2.1746557,0.87111253,47,1258
c12e,1697658137081960,5.4185414,2.1737576,0.85024083,24,1268
c12e,1697658138082834,5.3769984,2.1763966,0.83124512,23,1278
c12e,1697658139081971,5.31927,2.1623938,0.85560173,32,1288
c12e,1697658140082280,5.3051662,2.1730852,0.84303606,25,1298
c12e,1697658141082584,5.2847838,2.1658168,0.85339791,30,1308
c12e,1697658142081990,5.2696323,2.1813259,0.84793848,25,1318
c12e,1697658143081957,5.2432203,2.1845279,0.84477162,25,1328
c12e,1697658144081973,5.2509384,2.1851933,0.84283721,27,1338
c12e,1697658145082313,5.253,2.181761,0.85374755,30,1348
c12e,1697658146081999,5.2600389,2.1877198,0.83884573,24,1358
c12e,1697658147082832,5.2377911,2.1697447,0.841848,27,1368
c12e,1697658148082093,5.2391405,2.1840136,0.84018695,26,1378
c12e,1697658149085349,5.2345834,2.1874969,0.83055735,24,1388
c12e,1697658150082495,5.2279186,2.1858702,0.83965993,28,1398
c12e,1697658151082013,5.2383447,2.1758258,0.84032619,28,1408
c12e,1697658152082017,5.2313075,2.18057,0.8321833,24,1418
c12e,1697658153082320,5.2469263,2.1836724,0.81505311,22,1428
c12e,1697658154082110,5.2614946,2.19249,0.81204754,25,1438
c12e,1697658155082038,5.241622,2.1885729,0.81426108,25,8
c12e,1697658156082429,5.2299957,2.177392,0.83565038,30,18
c12e,1697658157082060,5.2231026,2.184319,0.8423633,27,28
c12e,1697658158082293,5.2069144,2.1876445,0.83113575,23,38
c12e,1697658159082034,5.2209411,2.1890764,0.84018433,29,48
c12e,1697658160082076,5.2203255,2.1870155,0.84623903,28,58
c12e,1697658161082052,5.2104187,2.1839728,0.83697009,24,68
c12e,1697658162083501,5.2299681,2.1894696,0.83279645,26,78
c12e,1697658163082174,5.2317953,2.1854572,0.83443296,27,88
c12e,1697658164082284,5.236856,2.181087,0.83276623,26,98
c12e,1697658165082418,5.2397223,2.1739275,0.83437061,27,108
c12e,1697658166082103,5.2439051,2.1644459,0.8510614,32,118
c12e,1697658167082068,5.241312,2.1789773,0.84354722,25,128
c12e,1697658168082108,5.24436,2.1884229,0.84365004,27,138
c12e,1697658169082072,5.2348886,2.1860881,0.83749348,25,148
c12e,1697658170083130,5.2403917,2.1684601,0.85403532,32,158
c12e,1697658171082082,5.2319503,2.1627064,0.85861892,29,168
c12e,1697658172082118,5.2362013,2.1735468,0.84405518,24,178
c12e,1697658173082180,5.2406526,2.1884842,0.83946347,25,188
c12e,1697658174082130,5.2334366,2.192137,0.84158069,27,198
c12e,1697658175082435,5.2405567,2.196579,0.82780296,23,208
c12e,1697658176082074,5.2457919,2.1965594,0.8299467,27,218
c12e,1697658177082092,5.2368646,2.2013116,0.83285123,26,228
c12e,1697658178082992,5.2196712,2.2067764,0.82695234,23,238
c12e,1697658179082124,5.2053719,2.2003284,0.81498748,22,248
c12e,1697658180082176,5.2214265,2.1951115,0.81756163,26,258
c12e,1697658181082134,5.2259607,2.1853824,0.81163609,24,268
c12e,1697658182082168,5.2212143,2.1879196,0.80890507,24,278
c12e,1697658183083111,5.2147541,2.188534,0.81435943,25,288
c12e,1697658184082530,5.2401986,2.1924338,0.81857181,27,298
c12e,1697658185083700,5.254065,2.1934471,0.828405,29,308
c12e,1697658186082535,5.2460032,2.1925812,0.82740051,25,318
c12e,1697658187082124,5.2458138,2.192014,0.82340133,25,328
c12e,1697658188082176,5.2433333,2.1852517,0.82627964,27,338
c12e,1697658189082144,5.2249136,2.1846673,0.82588279,25,348
c12e,1697658190082204,5.2295713,2.1891565,0.82958233,27,358
c12e,1697658191090267,5.2242661,2.1851561,0.82669783,25,368
c12e,1697658192082315,5.2240505,2.1901259,0.82539916,25,378
c12e,1697658193082147,5.2122865,2.1953852,0.82047313,23,388
c12e,1697658194082232,5.2039824,2.1933846,0.81606561,23,398
c12e,1697658195082121,5.1908236,2.1857855,0.827088,27,408
c12e,1697658196082174,5.2017593,2.1861134,0.83361632,28,418
c12e,1697658197082414,5.2029276,2.1743484,0.84523171,29,428
c12e,1697658198083097,5.2071238,2.1780963,0.84211451,26,438
c12e,1697658199082234,5.2102718,2.1732535,0.84309673,27,448
c12e,1697658200082458,5.2210045,2.1816676,0.846088,28,458
c12e,1697658201082250,5.2208776,2.1779802,0.82940829,23,468
c12e,1697658202082242,5.2237763,2.1732728,0.83084911,27,478
c12e,1697658203082280,5.2315445,2.1601844,0.840036,29,488
c12e,1697658204082291,5.2429957,2.1667774,0.832199,25,498
c12e,1697658205082713,5.2325387,2.1674414,0.84105277,28,508
c12e,1697658206085864,5.2219238,2.15952,0.84364253,27,518
c12e,1697658207082338,5.2175179,2.1634395,0.84051311,26,528
c12e,1697658208082662,5.2149472,2.1714306,0.83945394,26,538
c12e,1697658209083194,5.2128916,2.1657352,0.84672391,29,548
c12e,1697658210082868,5.2252555,2.1637788,0.83533353,25,558
c12e,1697658211083894,5.2292252,2.1624703,0.845893,30,568
c12e,1697658212082317,5.2225995,2.1695883,0.83967519,25,578
c12e,1697658213083251,5.23153,2.1765013,0.8370409,26,588
c12e,1697658214083224,5.2218575,2.168936,0.84472263,28,598
c12e,1697658215083302,5.2327294,2.1720681,0.84309506,27,608
c12e,1697658216082346,5.2313495,2.17903,0.82658595,22,618
c12e,1697658217084222,5.2353988,2.1828024,0.82869858,26,628
c12e,1697658218083377,5.2515068,2.1841118,0.83462095,28,638
c12e,1697658219082478,5.2418718,2.17567,0.83669424,27,648
c12e,1697658220083638,5.2393188,2.1820269,0.82644248,24,658
c12e,1697658221083292,5.2373042,2.1742437,0.83657134,29,668
c12e,1697658222083857,5.2375832,2.1661258,0.84459651,29,678
c12e,1697658223082393,5.2222724,2.1655569,0.84274524,26,688
c12e,1697658224082408,5.2183251,2.1620762,0.83919924,26,698
c12e,1697658225082411,5.2162104,2.1772723,0.82036459,21,708
c12e,1697658226082412,5.233849,2.4943256,0.65606,85,718
c12e,1697658227082378,5.2291741,2.4229703,0.70397013,27,728
c12e,1697658228082749,5.2212062,2.360532,0.72429341,23,738
c12e,1697658229082644,5.2246637,2.3036876,0.77067882,32,748
c12e,1697658230082427,5.2357297,2.276217,0.78568113,26,758
c12e,1697658231083478,5.2353024,2.2583823,0.79404336,25,768
c12e,1697658232083466,5.245194,2.2378173,0.80251878,27,778
c12e,1697658233082856,5.2496347,2.2304797,0.80232042,24,788
c12e,1697658234082470,5.2451234,2.2214487,0.81136912,26,798
c12e,1697658235082527,5.2448306,2.2115116,0.82826573,29,808
c12e,1697658236082497,5.2526746,2.2047887,0.82044154,24,818
c12e,1697658237082466,5.2547846,2.1994703,0.81919187,25,828
c12e,1697658238082602,5.2496419,2.1970687,0.83575064,30,838
c12e,1697658239083275,5.2575288,2.1922822,0.8455708,30,848
c12e,1697658240083377,5.2523122,2.1942806,0.85056067,28,858
c12e,1697658241082532,5.236249,2.1863191,0.85044545,27,868
c12e,1697658242083019,5.2261639,2.1897528,0.85172677,27,878
c12e,1697658243082514,5.2317381,2.1736362,0.85105908,28,888
c12e,1697658244083284,5.2420664,2.178221,0.82529157,21,898
c12e,1697658245083330,5.2340565,2.1738441,0.82509404,26,908
c12e,1697658246082516,5.2244396,2.1727445,0.82700777,26,918
c12e,1697658247082542,5.2381158,2.1786559,0.83535641,28,928
c12e,1697658248086138,5.2292242,2.1732337,0.83600622,26,938
c12e,1697658249082635,5.2099209,2.1703212,0.8369112,26,948
c12e,1697658250082867,5.226222,2.1843286,0.8348642,26,958
c12e,1697658251082586,5.2292,2.1881027,0.83753413,27,968
c12e,1697658252083748,5.21059,2.1832759,0.84307331,27,978
c12e,1697658253084048,5.2215281,2.1804271,0.84520406,28,988
c12e,1697658254082730,5.2118936,2.1775708,0.84488618,26,998
c12e,1697658255082956,5.2208319,2.1825273,0.84150147,26,1008
c12e,1697658256082583,5.2281394,2.1719303,0.842586,28,1018
c12e,1697658257082578,5.2294469,2.1760826,0.83242983,24,1028
c12e,1697658258083713,5.2397642,2.1867394,0.82855934,25,1038
c12e,1697658259082583,5.2421975,2.1871109,0.82993931,26,1048
c12e,1697658260082582,5.2422285,2.189702,0.83057523,26,1058
c12e,1697658261083723,5.2313738,2.1844034,0.85113513,31,1068
c12e,1697658262082578,5.2454667,2.1816337,0.84369588,26,1078
c12e,1697658263083464,5.2534709,2.1751904,0.83821183,26,1088
c12e,1697658264082970,5.2426581,2.178426,0.84138519,27,1098
c12e,1697658265083511,5.2456245,2.1707411,0.83643609,26,1108
c12e,1697658266084204,5.2275186,2.1700008,0.83391827,25,1118
c12e,1697658267083521,5.2343287,2.165288,0.838884,28,1128
c12e,1697658268083218,5.21632,2.1627002,0.84022176,26,1138
c12e,1697658269082655,5.2246146,2.1690814,0.83868611,26,1148
c12e,1697658270083577,5.2165012,2.1677146,0.83728838,26,1158
c12e,1697658271083653,5.2090726,2.1760867,0.82265204,22,1168
c12e,1697658272084416,5.2081909,2.1840384,0.82447016,25,1178
c12e,1697658273082791,5.2235003,2.1905921,0.82145762,25,1188
c12e,1697658274082712,5.235271,2.1882713,0.83442855,29,1198
c12e,1697658275082814,5.2548218,2.1815057,0.82982421,26,1208
c12e,1697658276082674,5.2553906,2.1841459,0.82761276,26,1218
c12e,1697658277082959,5.2535806,2.1830533,0.828113,26,1228
c12e,1697658278083106,5.2469182,2.1831291,0.82872611,26,1238
c12e,1697658279082683,5.2623043,2.1825559,0.829136,27,1248
c12e,1697658280083558,5.2704439,2.1858938,0.84533167,31,1258
c12e,1697658281083960,5.26034,2.184267,0.84436893,27,1268
c12e,1697658282085201,5.2466922,2.1918259,0.83892518,25,1278
c12e,1697658283082719,5.2432585,2.1861141,0.85336775,31,1288
c12e,1697658284083107,5.2340622,2.1980855,0.84911573,25,1298
c12e,1697658285082744,5.2337728,2.2079222,0.83466583,23,1308
c12e,1697658286082726,5.229538,2.1913886,0.83532405,27,1318
c12e,1697658287083629,5.2331071,2.1967366,0.82505941,23,1328
c12e,1697658288083951,5.2265606,2.1863217,0.83401912,28,1338
c12e,1697658289082724,5.2236247,2.1903825,0.83033234,25,1348
c12e,1697658290083091,5.2371163,2.200495,0.81819636,23,1358
c12e,1697658291083078,5.2269115,2.1959932,0.82710195,27,1368
c12e,1697658292084269,5.2319,2.1937747,0.839894,29,1378
c12e,1697658293083503,5.2215023,2.1877122,0.8384406,26,1388
c12e,1697658294082726,5.2186003,2.1870177,0.83351797,25,1398
c12e,1697658295083516,5.2256274,2.1907864,0.82819265,25,1408
c12e,1697658296082672,5.2453947,2.1936984,0.82642388,26,1418
c12e,1697658297083545,5.2563577,2.1830857,0.82959384,28,1428
c12e,1697658298083013,5.2489758,2.1731579,0.84516782,30,1438
c12e,1697658299082696,5.2487984,2.1756115,0.84935492,28,8
c12e,1697658300082988,5.2376738,2.1755083,0.84479743,26,18
c12e,1697658301082762,5.24209,2.1827724,0.83725524,25,28
c12e,1697658302082726,5.2391248,2.183557,0.83645236,26,38
c12e,1697658303082708,5.2435589,2.1925797,0.83030993,25,48
c12e,1697658304082754,5.2457423,2.1804109,0.83115011,27,58
c12e,1697658305082746,5.2458587,2.1817269,0.83100182,26,68
c12e,1697658306083640,5.2433372,2.1929469,0.82553023,24,78
c12e,1697658307083879,5.2536139,2.1882181,0.83162045,28,88
c12e,1697658308083734,5.2630086,2.1976926,0.83015573,26,98
c12e,1697658309083806,5.2509608,2.1989107,0.82743478,25,108
c12e,1697658310083592,5.2544284,2.1904745,0.825825,26,118
c12e,1697658311082734,5.24565,2.1869287,0.83128518,27,128
c12e,1697658312082790,5.2465777,2.1864107,0.84196293,29,138
c12e,1697658313082738,5.2408752,2.1849966,0.84726024,28,148
c12e,1697658314082800,5.244276,2.183341,0.8375507,25,158
c12e,1697658315083056,5.235384,2.1740065,0.84410495,28,168
c12e,1697658316082802,5.237689,2.1723828,0.85145283,29,178
c12e,1697658317082870,5.2405052,2.180804,0.83868062,24,188
c12e,1697658318082871,5.2321949,2.1699948,0.843858,28,198
c12e,1697658319082828,5.224566,2.1763988,0.83338684,24,208
c12e,1697658320082804,5.2305408,2.1796672,0.838643,28,218
c12e,1697658321083862,5.2246113,2.1727154,0.84515977,28,228
c12e,1697658322086160,5.2355466,2.164649,0.842412,27,238
c12e,1697658323082889,5.2310367,2.1698446,0.84303534,27,248
c12e,1697658324083131,5.2419081,2.1790326,0.84496331,28,258
c12e,1697658325082838,5.2280264,2.1812584,0.83202064,23,268
c12e,1697658326082994,5.2269759,2.1827798,0.82894611,25,278
c12e,1697658327082848,5.2284627,2.1793249,0.83671159,28,288
c12e,1697658328082858,5.2167735,2.1762497,0.83554924,26,298
c12e,1697658329082832,5.2109623,2.1743984,0.83696681,26,308
c12e,1697658330082841,5.2081957,2.1650751,0.84505272,29,318
c12e,1697658331082894,5.2089419,2.1636732,0.84381247,27,328
c12e,1697658332082905,5.2290978,2.1738858,0.8418079,27,338
c12e,1697658333084458,5.2278414,2.1744437,0.82523465,22,348
c12e,1697658334083194,5.236774,2.1793036,0.826862,26,358
c12e,1697658335083472,5.2338595,2.1826127,0.8271088,26,368
c12e,1697658336082886,5.2250128,2.1835554,0.83072454,26,378
c12e,1697658337083792,5.2146311,2.1839986,0.82936406,25,388
c12e,1697658338083735,5.2122569,2.1790414,0.83653873,28,398
c12e,1697658339083797,5.2183833,2.1851664,0.84284985,28,408
c12e,1697658340082942,5.2164927,2.1908286,0.83930153,25,418
c12e,1697658341082892,5.2088404,2.1895976,0.842668,27,428
c12e,1697658342083068,5.2138414,2.1865606,0.83940136,26,438
c12e,1697658343082930,5.228076,2.1868668,0.84599936,29,448
c12e,1697658344083778,5.2163377,2.1739256,0.86125684,31,458
c12e,1697658345083840,5.2136145,2.1815937,0.85434437,26,468
c12e,1697658346083744,5.2141366,2.1865287,0.84057134,24,478
c12e,1697658347083948,5.2221522,2.1948476,0.83394724,25,488
c12e,1697658348087584,5.233007,2.2024913,0.82814956,25,498
c12e,1697658349083878,5.2288785,2.1917152,0.83081985,27,508
c12e,1697658350084605,5.2419429,2.1866238,0.8169772,23,518
c12e,1697658351083031,5.2361121,2.1731389,0.82277626,27,528
c12e,1697658352083069,5.2303181,2.1757827,0.84161836,30,538
c12e,1697658353083938,5.2255712,2.1827064,0.82547569,22,548
c12e,1697658354083908,5.2443571,2.1900461,0.83762485,29,558
c12e,1697658355083064,5.2375011,2.1787872,0.83660233,26,568
c12e,1697658356083471,5.2302585,2.1765804,0.84188551,28,578
c12e,1697658357083881,5.2285867,2.1760049,0.84909588,29,588
c12e,1697658358083267,5.2259164,2.1816361,0.844339,26,598
c12e,1697658359083143,5.2290173,2.1964045,0.82991183,23,608
c12e,1697658360083208,5.2205682,2.2009683,0.82872766,25,618
c12e,1697658361083111,5.2106113,2.1980383,0.83414453,26,628
c12e,1697658362083589,5.2256155,2.18471,0.84929538,31,638
c12e,1697658363083932,5.223187,2.1888206,0.8456642,26,648
c12e,1697658364083092,5.2260814,2.1900208,0.84568244,27,658
c12e,1697658365083202,5.2252622,2.188854,0.8451786,27,668
c12e,1697658366083704,5.2185645,2.1882365,0.84427685,26,678
c12e,1697658367083118,5.229177,2.1862381,0.83798629,26,688
c12e,1697658368083652,5.2204857,2.1823606,0.83279753,25,698
c12e,1697658369083116,5.2234516,2.1834075,0.83101767,26,708
c12e,1697658370083535,5.2123137,2.1795056,0.83852792,27,718
c12e,1697658371083135,5.2133512,2.18049,0.84618962,28,728
c12e,1697658372085768,5.2088032,2.1777003,0.83393878,24,738
c12e,1697658373084592,5.2251582,2.1824753,0.84093374,29,748
c12e,1697658374084071,5.2215724,2.1766763,0.83179992,24,758
c12e,1697658375084068,5.2110686,2.1701236,0.84791332,30,768
c12e,1697658376084379,5.23672,2.1812868,0.83918345,25,778
c12e,1697658377083211,5.2246833,2.178211,0.849129,29,788
c12e,1697658378083172,5.22404,2.175921,0.843446,26,798
c12e,1697658379091076,5.2195988,2.1750774,0.83919144,26,808
c12e,1697658380083186,5.21016,2.1807685,0.83413017,24,818
c12e,1697658381083200,5.2210336,2.1729167,0.84514076,30,828
c12e,1697658382084090,5.2232828,2.1745341,0.8442257,27,838
c12e,1697658383084344,5.2363291,2.1798432,0.83466077,25,848
c12e,1697658384084588,5.2311969,2.1843493,0.83561283,26,858
c12e,1697658385093217,5.2516112,2.1915643,0.81830865,22,868
c12e,1697658386083137,5.2375517,2.1912675,0.82141215,25,878
c12e,1697658387083354,5.240952,2.1781924,0.83146781,29,888
c12e,1697658388083279,5.2413769,2.1769807,0.8422088,29,898
c12e,1697658389083561,5.2343979,2.1743731,0.83770615,26,908
c12e,1697658390088302,5.2358437,2.1715357,0.84275043,28,918
c12e,1697658391084176,5.2279625,2.1656115,0.84225613,27,928
c12e,1697658392083322,5.2451363,2.1697919,0.83586049,26,938
c12e,1697658393084264,5.2271919,2.1737,0.84293228,27,948
c12e,1697658394084172,5.2363377,2.1719229,0.85157233,30,958
c12e,1697658395083256,5.2538075,2.1631134,0.84644079,28,968
c12e,1697658396084556,5.2490034,2.1646783,0.82993782,23,978
c12e,1697658397084114,5.2484903,2.1671543,0.83680749,28,988
c12e,1697658398083296,5.23426,2.1682382,0.83909738,27,998
c12e,1697658399083276,5.2480316,2.1740775,0.83303571,26,1008
c12e,1697658400095688,5.2456074,2.1820548,0.83431274,26,1018
c12e,1697658401084230,5.2542648,2.181356,0.84052652,29,1028
c12e,1697658402083347,5.2418618,2.1715019,0.86093342,32,1038
c12e,1697658403083343,5.231391,2.1781526,0.85627663,26,1048
c12e,1697658404083494,5.2360034,2.1762495,0.84142983,24,1058
c12e,1697658405083352,5.2344127,2.1753967,0.83436149,25,1068
c12e,1697658406083380,5.238234,2.1802411,0.83244675,26,1078
c12e,1697658407084763,5.2188978,2.1814175,0.843264,28,1088
c12e,1697658408083393,5.2163558,2.1801751,0.84499741,27,1098
c12e,1697658409083403,5.2121315,2.1729736,0.85241079,29,1108
c12e,1697658410084374,5.2190995,2.1781502,0.84152913,25,1118
c12e,1697658411083370,5.2300386,2.1849024,0.83248162,25,1128
c12e,1697658412083423,5.2303023,2.1916666,0.83444357,26,1138
c12e,1697658413083940,5.2301822,2.1778488,0.85262167,32,1148
c12e,1697658414083529,5.225534,2.1825233,0.85331446,27,1158
c12e,1697658415083388,5.2279458,2.1817198,0.84114879,24,1168
c12e,1697658416083490,5.2334089,2.1858041,0.83661944,26,1178
c12e,1697658417084305,5.2368937,2.1862488,0.838077,27,1188
c12e,1697658418084335,5.2298,2.1898274,0.83967346,26,1198
c12e,1697658419083414,5.23221,2.1782477,0.840846,28,1208
c12e,1697658420083707,5.2486172,2.1805654,0.83684272,26,1218
c12e,1697658421084578,5.2412419,2.1778746,0.841429,28,1228
c12e,1697658422083434,5.2544689,2.1780047,0.84721804,29,1238
c12e,1697658423084824,5.2364893,2.1887734,0.83379161,22,1248
c12e,1697658424084132,5.23563,2.1939845,0.82537735,24,1258
c12e,1697658425084576,5.2161145,2.194386,0.82433444,24,1268
c12e,1697658426083488,5.2294087,2.1882145,0.82735121,27,1278
c12e,1697658427083553,5.4678283,2.176585,0.86049324,47,1288
c12e,1697658428083572,5.43211,2.1792202,0.85047811,26,1298
c12e,1697658429083427,5.3823876,2.179086,0.85003829,27,1308
c12e,1697658430083597,5.3443432,2.171591,0.8604182,30,1318
c12e,1697658431083420,5.3253121,2.1799634,0.84638828,25,1328
c12e,1697658432083543,5.3064337,2.1844871,0.84054905,26,1338
c12e,1697658433083400,5.2791176,2.1869652,0.82625186,22,1348
c12e,1697658434084863,5.2715039,2.1892231,0.83142751,27,1358
c12e,1697658435083530,5.2561269,2.1889718,0.827339,25,1368
c12e,1697658436086478,5.2405272,2.1831493,0.84086007,29,1378
c12e,1697658437083536,5.2391133,2.1874511,0.83133453,24,1388
c12e,1697658438083562,5.2338138,2.1825504,0.83430928,27,1398
c12e,1697658439083446,5.2393,2.1827953,0.83881658,28,1408
c12e,1697658440083845,5.2424808,2.1875453,0.84081215,27,1418
c12e,1697658441083508,5.2178459,2.1856647,0.84860921,27,1428
c12e,1697658442083931,5.2110362,2.1840787,0.8421877,25,1438
c12e,1697658443083827,5.2067285,2.189604,0.83681828,25,8
c12e,1697658444083760,5.1982722,2.1817081,0.83701336,26,18
c12e,1697658445084075,5.2169981,2.1850171,0.84023565,28,28
c12e,1697658446083500,5.2225008,2.1790271,0.84165245,27,38
c12e,1697658447084437,5.2237082,2.1833897,0.83519989,25,48
c12e,1697658448083505,5.2215552,2.1721971,0.85725361,32,58
c12e,1697658449083549,5.2314167,2.1741989,0.85668582,28,68
c12e,1697658450084033,5.2275915,2.1748962,0.85262871,27,78
c12e,1697658451083865,5.2402635,2.1766627,0.83758312,24,88
c12e,1697658452083627,5.2421856,2.1758127,0.83744723,27,98
c12e,1697658453083749,5.2211847,2.1695023,0.84440523,27,108
c12e,1697658454083642,5.2123475,2.1760883,0.83477312,24,118
c12e,1697658455083643,5.2214122,2.1742013,0.82239157,24,128
c12e,1697658456084247,5.2329659,2.1777787,0.8313995,28,138
c12e,1697658457083626,5.2190337,2.1715605,0.839621,28,148
c12e,1697658458083654,5.2095113,2.1707704,0.84283441,27,158
c12e,1697658459083758,5.193243,2.171128,0.846855,27,168
c12e,1697658460084026,5.194561,2.1681066,0.84793824,27,178
c12e,1697658461083948,5.1997261,2.1800315,0.83713436,24,188
c12e,1697658462084626,5.2067966,2.1805274,0.83939582,27,198
c12e,1697658463085288,5.21791,2.1801636,0.82986712,24,208
c12e,1697658464084454,5.2144575,2.1772943,0.8320474,26,218
c12e,1697658465083659,5.2404156,2.180084,0.83438092,28,228
c12e,1697658466084202,5.2417831,2.1798508,0.82638174,24,238
c12e,1697658467083640,5.2436662,2.1811416,0.82033986,24,248
c12e,1697658468083744,5.2477965,2.1828732,0.82322448,26,258
c12e,1697658469084846,5.2274504,2.1891551,0.82044327,24,268
c12e,1697658470083715,5.2279963,2.1834688,0.82945621,28,278
c12e,1697658471085792,5.2242246,2.1820233,0.83041251,26,288
c12e,1697658472083908,5.2252307,2.1760137,0.83582467,28,298
c12e,1697658473084026,5.2202239,2.1832113,0.82639486,48,308
c12e,1697658474083891,5.2227826,2.1778591,0.82975668,27,318
c12e,1697658475083712,5.2146983,2.1741791,0.84180915,29,328
c12e,1697658476083782,5.2210751,2.1807036,0.83176094,24,338
c12e,1697658477084595,5.2159023,2.1714702,0.84843153,30,348
c12e,1697658478084660,5.2146583,2.1761553,0.8341862,23,358
c12e,1697658479083816,5.2206392,2.1861627,0.82358909,23,368
c12e,1697658480083786,5.2126856,2.1798794,0.8251211,26,378
c12e,1697658481084666,5.2312937,2.1874282,0.82790232,27,388
c12e,1697658482086111,5.2471533,2.1800106,0.83761722,30,398
c12e,1697658483084608,5.2440782,2.1757834,0.8429805,28,408
c12e,1697658484084654,5.2482595,2.1845372,0.84270418,27,418
c12e,1697658485084635,5.2491755,2.1880338,0.84465647,27,428
c12e,1697658486084215,5.2485275,2.1822274,0.84164387,27,438
c12e,1697658487085114,5.2481828,2.1819379,0.84371024,28,448
c12e,1697658488084015,5.2458482,2.1835172,0.8509208,29,458
c12e,1697658489084573,5.240098,2.1924918,0.84494716,25,468
c12e,1697658490083708,5.23651,2.1805115,0.85267407,29,478
c12e,1697658491083728,5.2421141,2.1810873,0.85442185,28,488
c12e,1697658492083720,5.2384448,2.1780584,0.84711337,26,498
c12e,1697658493084582,5.2531509,2.1856472,0.84107119,26,508
c12e,1697658494085010,5.2466455,2.1867115,0.83659858,25,518
c12e,1697658495086046,5.25233,2.1933424,0.8385489,27,528
c12e,1697658496084551,5.2391496,2.1868529,0.83381933,25,538
c12e,1697658497083722,5.2304449,2.1872227,0.82063782,22,548
c12e,1697658498083826,5.2268591,2.1923511,0.82233059,25,558
c12e,1697658499084099,5.2253976,2.194577,0.81625897,24,568
c12e,1697658500084161,5.2191195,2.1834171,0.82569903,27,578
c12e,1697658501083853,5.2261686,2.1930611,0.81691909,23,588
c12e,1697658502085546,5.2259097,2.1852663,0.82295227,27,598
c12e,1697658503084810,5.2118473,2.1786189,0.82484096,25,608
c12e,1697658504085335,5.2166138,2.1768572,0.84401017,31,618
c12e,1697658505083859,5.2137465,2.18133,0.84418881,26,628
c12e,1697658506084054,5.2144136,2.1826937,0.84046841,26,638
c12e,1697658507084013,5.2023826,2.1780522,0.84945285,28,648
c12e,1697658508083886,5.2096596,2.1813102,0.84764624,27,658
c12e,1697658509083962,5.2054543,2.1777346,0.86132365,30,668
c12e,1697658510085376,5.2211533,2.1760492,0.85120171,26,678
c12e,1697658511084122,5.2090826,2.1675789,0.86172312,30,688
c12e,1697658512085006,5.208,2.1805067,0.84719026,23,698
c12e,1697658513084778,5.2100539,2.1804421,0.84457493,26,708
c12e,1697658514085788,5.2100234,2.172333,0.8523916,29,718
c12e,1697658515084777,5.2094207,2.1736913,0.84793097,26,728
c12e,1697658516087193,5.2007537,2.1812339,0.84129167,24,738
c12e,1697658517084038,5.2149472,2.1787226,0.84569991,28,748
c12e,1697658518083943,5.2222767,2.1819358,0.84215331,26,758
c12e,1697658519084373,5.2265091,2.178335,0.8412168,27,768
c12e,1697658520084719,5.2107368,2.1842358,0.84297061,26,778
c12e,1697658521084410,5.2116289,2.1770706,0.84499669,27,788
c12e,1697658522084386,5.2262058,2.1895161,0.83235592,24,798
c12e,1697658523083995,5.2167845,2.1901076,0.81959474,22,808
c12e,1697658524083990,5.2234159,2.1916411,0.81778765,25,818
c12e,1697658525084024,5.2290583,2.1893396,0.81302583,24,828
c12e,1697658526084932,5.2200527,2.180172,0.82480013,28,838
c12e,1697658527085524,5.2126842,2.1938062,0.81977874,23,848
c12e,1697658528084027,5.213182,2.1899219,0.81220603,23,858
c12e,1697658529083997,5.2258239,2.1748853,0.82474709,29,868
c12e,1697658530084008,5.2210231,2.1827784,0.82993454,26,878
c12e,1697658531084032,5.2153358,2.1820486,0.83471423,27,888
c12e,1697658532084011,5.2267551,2.1815972,0.83081436,26,898
c12e,1697658533084358,5.2250943,2.1791236,0.83087796,26,908
c12e,1697658534084506,5.2348137,2.1776006,0.84063041,29,918
c12e,1697658535084086,5.2247796,2.175091,0.8447051,27,928
c12e,1697658536084346,5.2491574,2.1920547,0.83899474,26,938
c12e,1697658537084090,5.2495236,2.1915712,0.84074444,27,948
c12e,1697658538085192,5.2378545,2.1853557,0.83724284,26,958
c12e,1697658539084078,5.2313461,2.1821442,0.84323341,28,968
c12e,1697658540084082,5.2337031,2.1822302,0.84127617,26,978
c12e,1697658541084018,5.2245879,2.1827877,0.83838391,25,988
c12e,1697658542084067,5.2208924,2.17886,0.82423556,23,998
c12e,1697658543084079,5.2132964,2.1850514,0.82250583,24,1008
c12e,1697658544084622,5.2104788,2.1808097,0.82864696,27,1018
c12e,1697658545083997,5.2189,2.1826832,0.83028793,26,1028
c12e,1697658546084397,5.2158103,2.1801596,0.83834106,28,1038
c12e,1697658547084054,5.22683,2.1796923,0.83950835,27,1048
c12e,1697658548084169,5.2336345,2.1753173,0.8453598,29,1058
c12e,1697658549084198,5.2250533,2.1777608,0.83934551,25,1068
c12e,1697658550085834,5.2204332,2.178911,0.83334386,25,1078
c12e,1697658551087520,5.2248549,2.1787376,0.84587884,30,1088
c12e,1697658552085102,5.2380104,2.1730611,0.84883606,29,1098
c12e,1697658553084140,5.2416921,2.177515,0.83714294,24,1108
c12e,1697658554084186,5.247262,2.176394,0.84532917,29,1118
c12e,1697658555084134,5.2263956,2.1833425,0.83119631,22,1128
c12e,1697658556084481,5.2180805,2.1764798,0.83747679,27,1138
c12e,1697658557084162,5.2243466,2.1797476,0.84199804,28,1148
c12e,1697658558084154,5.225143,2.1855795,0.83363569,24,1158
c12e,1697658559084484,5.2240887,2.1793606,0.83973062,28,1168
c12e,1697658560084148,5.2247,2.1864727,0.82720953,23,1178
c12e,1697658561084475,5.2208638,2.1913898,0.81581926,22,1188
c12e,1697658562088309,5.2309809,2.1957946,0.82613277,28,1198
c12e,1697658563084184,5.2450962,2.1941161,0.83817852,30,1208
c12e,1697658564084154,5.2539606,2.1920471,0.8326093,26,1218
c12e,1697658565085101,5.2504864,2.1871815,0.81837827,23,1228
c12e,1697658566084503,5.2429175,2.1841266,0.82062227,26,1238
c12e,1697658567084185,5.237896,2.176805,0.829736,28,1248
c12e,1697658568084202,5.2372675,2.1790743,0.8216427,24,1258
c12e,1697658569084254,5.2444139,2.1661823,0.8398326,31,1268
c12e,1697658570084482,5.24561,2.1692486,0.84118217,27,1278
c12e,1697658571085581,5.2313647,2.1655717,0.84019083,26,1288
c12e,1697658572084832,5.2350736,2.1791298,0.83366179,25,1298
c12e,1697658573084283,5.233634,2.172766,0.85240972,31,1308
c12e,1697658574084389,5.2348456,2.1827893,0.83815426,23,1318
c12e,1697658575084313,5.2194319,2.1833379,0.85373908,30,1328
c12e,1697658576084245,5.20843,2.1812346,0.84293628,24,1338
c12e,1697658577085715,5.2206306,2.1763058,0.84977466,29,1348
c12e,1697658578084257,5.21916,2.1811814,0.85298967,28,1358
c12e,1697658579084298,5.2276411,2.1783509,0.8407467,25,1368
c12e,1697658580085644,5.222064,2.1764247,0.84318703,27,1378
c12e,1697658581085242,5.2278404,2.1876409,0.83207774,24,1388
c12e,1697658582085743,5.221993,2.1837249,0.841829,28,1398
c12e,1697658583088676,5.2274342,2.1824265,0.83403051,25,1408
c12e,1697658584084335,5.23904,2.1819937,0.81895262,23,1418
c12e,1697658585084350,5.257874,2.1881785,0.82315505,27,1428
c12e,1697658586084487,5.2415581,2.1828744,0.83374387,28,1438
c12e,1697658587084755,5.2306809,2.1829422,0.827696,24,8
c12e,1697658588084816,5.2256069,2.193579,0.82840937,25,18
c12e,1697658589086559,5.2408175,2.1872275,0.83356112,28,28
c12e,1697658590084397,5.2382703,2.1901789,0.82999796,25,38
c12e,1697658591084488,5.2345839,2.1870165,0.83020037,26,48
c12e,1697658592084354,5.2596331,2.1889482,0.83053118,27,58
c12e,1697658593084337,5.2525334,2.1964355,0.82228482,23,68
c12e,1697658594084736,5.2516913,2.2004302,0.82384288,26,78
c12e,1697658595084378,5.2513003,2.1877036,0.81762391,25,88
c12e,1697658596084375,5.2450266,2.1825249,0.81656861,25,98
c12e,1697658597084364,5.2395959,2.1873286,0.81871849,25,108
c12e,1697658598084797,5.2455106,2.178046,0.82004267,26,118
c12e,1697658599084770,5.2439094,2.1746073,0.82556933,27,128
c12e,1697658600084409,5.2332954,2.1851392,0.81922442,23,138
c12e,1697658601084384,5.2273288,2.1886914,0.82046527,25,148
c12e,1697658602084439,5.2297168,2.1816354,0.82893932,28,158
c12e,1697658603084626,5.2330332,2.1736059,0.84182918,30,168
c12e,1697658604086414,5.2274561,2.1761079,0.83105117,24,178
c12e,1697658605086462,5.2132072,2.1844182,0.8221401,23,188
c12e,1697658606084718,5.22382,2.1833844,0.83062667,28,198
c12e,1697658607084468,5.2216625,2.1812928,0.84833914,31,208
c12e,1697658608084621,5.205235,2.1778483,0.85514021,28,218
c12e,1697658609084537,5.2211752,2.1733849,0.85326082,28,228
c12e,1697658610084933,5.2283306,2.171072,0.84990919,27,238
c12e,1697658611084449,5.2061186,2.1677833,0.85119474,26,248
c12e,1697658612084762,5.2001123,2.1821291,0.84978664,26,258
c12e,1697658613084566,5.2191243,2.1735027,0.850653,29,268
c12e,1697658614085431,5.2207756,2.175482,0.84267724,25,278
c12e,1697658615084552,5.2287159,2.1776874,0.8343457,25,288
c12e,1697658616084835,5.2301044,2.1784248,0.83193839,26,298
c12e,1697658617084504,5.235218,2.1898558,0.83130586,26,308
c12e,1697658618084800,5.2249937,2.1886694,0.83812928,27,318
c12e,1697658619084559,5.2260094,2.1951416,0.8398574,27,328
c12e,1697658620084824,5.2270842,2.1844308,0.85181552,30,338
c12e,1697658621084880,5.23026,2.1758649,0.85713834,29,348
c12e,1697658622085702,5.2342415,2.1791537,0.8407253,24,358
c12e,1697658623086036,5.2297678,2.1827252,0.82719791,23,368
c12e,1697658624084659,5.2109337,2.1828234,0.83668661,27,378
c12e,1697658625088448,5.2033672,2.1869259,0.82840759,23,388
c12e,1697658626084929,5.1925955,2.1848133,0.83302414,26,398
c12e,1697658627084766,5.1967216,2.1783309,0.83691168,27,408
c12e,1697658628084578,5.20445,2.1776223,0.83213133,25,418
c12e,1697658629084593,5.2195005,2.1822276,0.81734365,23,428
c12e,1697658630084587,5.2274,2.1883562,0.8110534,24,438
c12e,1697658631084949,5.2238712,2.1744578,0.8186478,27,448
c12e,1697658632085627,5.2246256,2.1843905,0.81840396,25,458
c12e,1697658633084797,5.2293615,2.1804936,0.82821304,28,468
c12e,1697658634085444,5.2177072,2.1728241,0.84706312,30,478
c12e,1697658635085511,5.2243176,2.1766624,0.85314059,29,488
c12e,1697658636085988,5.2282829,2.1732526,0.85432625,28,498
c12e,1697658637085724,5.2192912,2.1692626,0.85998976,29,508
c12e,1697658638084639,5.2210031,2.1662974,0.8601343,28,518
c12e,1697658639084665,5.2324338,2.1637704,0.86005551,29,528
c12e,1697658640085828,5.2129626,2.173563,0.84676558,23,538
c12e,1697658641084614,5.2109971,2.1805449,0.83550644,24,548
c12e,1697658642084936,5.231462,2.1762846,0.83450866,27,558
c12e,1697658643084712,5.2421942,2.1814644,0.83237636,26,568
c12e,1697658644084713,5.233952,2.1920166,0.82896858,24,578
c12e,1697658645084728,5.2144251,2.1891358,0.8277846,24,588
c12e,1697658646084682,5.2319121,2.1753871,0.839564,30,598
c12e,1697658647085129,5.2258973,2.1707623,0.83883905,26,608
c12e,1697658648084680,5.2231021,2.1778891,0.83486366,25,618
c12e,1697658649084653,5.2289972,2.1754305,0.8333692,26,628
c12e,1697658650084694,5.2204947,2.1622961,0.84137416,28,638
c12e,1697658651084672,5.2136784,2.1547074,0.84664631,28,648
c12e,1697658652084718,5.2154112,2.1630456,0.838137,25,658
c12e,1697658653085311,5.2306104,2.1684391,0.82784492,24,668
c12e,1697658654084730,5.2393684,2.1579993,0.82631058,27,678
c12e,1697658655085154,5.2337418,2.1676166,0.83326423,27,688
c12e,1697658656084738,5.23555,2.1729689,0.83194923,26,698
c12e,1697658657085463,5.2434921,2.1736221,0.83328706,27,708
c12e,1697658658086125,5.2311759,2.1781526,0.82877672,24,718
c12e,1697658659084803,5.2203522,2.1827385,0.82097268,23,728
c12e,1697658660084918,5.229702,2.1907697,0.82347023,26,738
c12e,1697658661084963,5.2317705,2.1921573,0.82097882,25,748
c12e,1697658662084814,5.2168961,2.1888433,0.81570029,23,758
c12e,1697658663089224,5.2079945,2.1841738,0.80998367,23,768
c12e,1697658664085193,5.2145624,2.174094,0.82798791,30,778
c12e,1697658665084772,5.2126164,2.1609786,0.84065497,29,788
c12e,1697658666084749,5.2276163,2.1601911,0.85729522,32,798
c12e,1697658667084810,5.22044,2.1631479,0.85200948,26,808
c12e,1697658668085500,5.2296543,2.1720209,0.8424238,25,818
c12e,1697658669085711,5.2425809,2.1735096,0.84152311,27,828
c12e,1697658670085472,5.2357726,2.1840045,0.84121871,26,838
c12e,1697658671084844,5.2313828,2.1824055,0.83892256,26,848
c12e,1697658672084777,5.2167859,2.1710901,0.83915788,26,858
c12e,1697658673085074,5.2204623,2.1760886,0.839925,27,868
c12e,1697658674085796,5.2091956,2.17176,0.84626341,28,878
c12e,1697658675084878,5.2051163,2.173445,0.82459933,21,888
c12e,1697658676084816,5.2088819,2.1661782,0.82863373,27,898
c12e,1697658677084859,5.2169352,2.1726727,0.836545,28,908
c12e,1697658678084846,5.2277527,2.1688375,0.82975721,25,918
c12e,1697658679086380,5.2128987,2.1779671,0.82416111,23,928
c12e,1697658680086083,5.2205653,2.1612329,0.82938039,28,938
c12e,1697658681084889,5.2250266,2.1579056,0.82827926,26,948
c12e,1697658682086677,5.2387595,2.1600046,0.830726,27,958
c12e,1697658683084823,5.2560372,2.1603549,0.83622229,29,968
c12e,1697658684084867,5.2296071,2.1629558,0.83639151,25,978
c12e,1697658685085298,5.2127047,2.1585293,0.84120238,27,988
c12e,1697658686085839,5.2233911,2.1623461,0.83779609,26,998
c12e,1697658687086323,5.2430921,2.1588688,0.8365072,27,1008
c12e,1697658688085506,5.2351489,2.1675076,0.83317405,25,1018
c12e,1697658689085215,5.2300615,2.1685762,0.83295774,26,1028
c12e,1697658690085884,5.228713,2.1789811,0.83213252,26,1038
c12e,1697658691084913,5.231667,2.1790433,0.82497638,24,1048
c12e,1697658692084934,5.232379,2.1718864,0.84656084,32,1058
c12e,1697658693086200,5.2131572,2.1549098,0.86188132,31,1068
c12e,1697658694086324,5.2301817,2.1646314,0.86034679,28,1078
c12e,1697658695084973,5.2320452,2.169256,0.86132306,28,1088
c12e,1697658696085348,5.2305851,2.168689,0.84934294,25,1098
c12e,1697658697084997,5.2192464,2.1749353,0.85345894,27,1108
c12e,1697658698084962,5.2236829,2.1737256,0.84193844,25,1118
c12e,1697658699084954,5.2229848,2.1781044,0.84261781,27,1128
c12e,1697658700092971,5.2317443,2.1804347,0.84201849,27,1138
c12e,1697658701084936,5.2302556,2.1798604,0.84611571,28,1148
c12e,1697658702085269,5.2363143,2.1879792,0.84143955,26,1158
c12e,1697658703084982,5.2447648,2.1814444,0.83699214,26,1168
c12e,1697658704085026,5.2593946,2.1853518,0.83990049,28,1178
c12e,1697658705085242,5.2423391,2.1786482,0.84519917,28,1188
c12e,1697658706085804,5.250597,2.1828876,0.84428728,27,1198
c12e,1697658707085751,5.2490072,2.1975503,0.84122431,26,1208
c12e,1697658708085339,5.256525,2.1932919,0.85084993,30,1218
c12e,1697658709085260,5.23612,2.1906774,0.84396142,25,1228
c12e,1697658710085072,5.2370348,2.1889496,0.84691268,28,1238
c12e,1697658711085082,5.2306056,2.1900682,0.84097815,25,1248
c12e,1697658712086316,5.2365708,2.1779349,0.84703034,29,1258
c12e,1697658713085246,5.2311544,2.1665294,0.86811519,33,1268
c12e,1697658714085130,5.2422132,2.1645622,0.86667603,29,1278
c12e,1697658715086309,5.2306876,2.1569564,0.85742527,26,1288
c12e,1697658716085060,5.2222018,2.1461825,0.86015618,29,1298
c12e,1697658717085086,5.222322,2.1543336,0.86703104,30,1308
c12e,1697658718085381,5.2329688,2.1487041,0.868889,30,1318
c12e,1697658719085053,5.2303529,2.1554265,0.86539346,28,1328
c12e,1697658720085953,5.2410097,2.1629024,0.84650177,24,1338
c12e,1697658721085970,5.2192183,2.167145,0.84305769,25,1348
c12e,1697658722085802,5.2135797,2.1597903,0.84780371,28,1358
c12e,1697658723085429,5.2345595,2.1658807,0.85197759,29,1368
c12e,1697658724085207,5.2307262,2.1848512,0.83476114,22,1378
c12e,1697658725086156,5.2256746,2.1881251,0.83600283,26,1388
c12e,1697658726086250,5.2205672,2.1906002,0.83725387,26,1398
c12e,1697658727085473,5.2283578,2.1995432,0.8293792,24,1408
c12e,1697658728085543,5.2322845,2.1959169,0.83176434,27,1418
c12e,1697658729085305,5.2358093,2.1865203,0.83384353,27,1428
c12e,1697658730085200,5.2382064,2.1882565,0.83623517,27,1438
c12e,1697658731085141,5.2316151,2.1962419,0.81699818,21,8
c12e,1697658732085146,5.2203364,2.1917017,0.82270455,26,18
c12e,1697658733085113,5.2208543,2.1868644,0.83169776,28,28
c12e,1697658734085477,5.2129192,2.179637,0.84120017,28,38
c12e,1697658735085099,5.2177019,2.1789157,0.84009916,27,48
c12e,1697658736085476,5.2281075,2.183147,0.841257,27,58
c12e,1697658737085153,5.2362781,2.189307,0.83342361,25,68
c12e,1697658738085167,5.2315359,2.1867101,0.83816624,27,78
c12e,1697658739085725,5.2316756,2.1789582,0.82943916,25,88
c12e,1697658740085211,5.2348228,2.1821125,0.82995772,26,98
c12e,1697658741085295,5.2351875,2.1974158,0.82027614,23,108
c12e,1697658742085172,5.2389336,2.1831694,0.83577967,30,118
c12e,1697658743085193,5.2509904,2.1937501,0.81979048,22,128
c12e,1697658744085582,5.2538753,2.2028,0.80614227,22,138
c12e,1697658745086055,5.2469444,2.1906836,0.82990205,31,148
c12e,1697658746086425,5.2490525,2.194911,0.83409208,27,158
c12e,1697658747087084,5.2587004,2.1980321,0.82678777,25,168
c12e,1697658748085326,5.2646661,2.2076836,0.82214713,25,178
c12e,1697658749085827,5.2748055,2.2027533,0.82947463,28,188
c12e,1697658750086078,5.2762876,2.2009466,0.83223945,27,198
c12e,1697658751086308,5.2760835,2.200429,0.83364379,27,208
c12e,1697658752086280,5.2607965,2.1849089,0.84676409,30,218
c12e,1697658753085500,5.2552061,2.1910005,0.84368843,26,228
c12e,1697658754085826,5.2561364,2.1889541,0.84768265,28,238
c12e,1697658755086826,5.2343307,2.1877713,0.84702021,26,248
c12e,1697658756086787,5.2198958,2.1903088,0.84034312,24,258
c12e,1697658757089572,5.2345171,2.1890445,0.82746524,24,268
c12e,1697658758086012,5.2303896,2.1922381,0.82719606,25,278
c12e,1697658759085436,5.2282863,2.1950085,0.81406009,22,288
c12e,1697658760087011,5.2251148,2.1957626,0.81126517,24,298
c12e,1697658761085336,5.2399349,2.199616,0.81580937,26,308
c12e,1697658762086246,5.2480965,2.1935818,0.82996482,29,318
c12e,1697658763085405,5.2544012,2.1772616,0.85295469,33,328
c12e,1697658764085318,5.2316313,2.1697648,0.85662454,28,338
c12e,1697658765087490,5.221251,2.1680796,0.8528626,26,348
c12e,1697658766085584,5.2183566,2.1711023,0.8228665,20,358
c12e,1697658767085311,5.2156458,2.1719534,0.82671928,26,368
c12e,1697658768085250,5.200449,2.1719756,0.83401364,27,378
c12e,1697658769086073,5.1957383,2.1699247,0.83446163,26,388
c12e,1697658770085870,5.2143769,2.178055,0.82578075,24,398
c12e,1697658771086348,5.2037349,2.1838198,0.83281547,26,408
c12e,1697658772086361,5.2060566,2.1908152,0.82877326,25,418
c12e,1697658773085357,5.2422361,2.1848414,0.84015632,31,428
c12e,1697658774085378,5.2268748,2.177083,0.83293092,24,438
c12e,1697658775085532,5.2394977,2.1802444,0.83485532,27,448
c12e,1697658776085428,5.2576046,2.1802192,0.81795925,23,458
c12e,1697658777085937,5.2633672,2.1824439,0.81653118,25,468
c12e,1697658778088051,5.2599993,2.1786766,0.82142818,27,478
c12e,1697658779085435,5.2477722,2.1790779,0.83463472,29,488
c12e,1697658780085884,5.2436686,2.1821063,0.82761955,24,498
c12e,1697658781085338,5.231709,2.1952374,0.82156873,23,508
c12e,1697658782085492,5.2489395,2.1999872,0.82191169,26,518
c12e,1697658783085830,5.2489305,2.1921713,0.83055574,28,528
c12e,1697658784085360,5.2398477,2.1885421,0.82235163,24,538
c12e,1697658785085524,5.2231965,2.1829524,0.80953127,22,548
c12e,1697658786085325,5.2387753,2.1812007,0.82262731,29,558
c12e,1697658787085984,5.2305756,2.1765974,0.82637537,26,568
c12e,1697658788085375,5.2381206,2.1844509,0.813501,23,578
c12e,1697658789085907,5.2373052,2.1901288,0.8002978,21,588
c12e,1697658790085946,5.222847,2.1927528,0.79730105,22,598
c12e,1697658791085339,5.2266045,2.1928225,0.80226618,25,608
c12e,1697658792085532,5.2285762,2.1861393,0.7977137,23,618
c12e,1697658793085393,5.2325745,2.1830788,0.79687268,24,628
c12e,1697658794086091,5.2366595,2.1711173,0.81615394,30,638
c12e,1697658795085446,5.2435493,2.1732228,0.8186993,26,648
c12e,1697658796085448,5.2567782,2.1855998,0.821136,26,658
c12e,1697658797085930,5.2439413,2.1826732,0.82753921,27,668
c12e,1697658798085932,5.2446332,2.1875281,0.82370859,25,678
c12e,1697658799086427,5.2339406,2.174258,0.83391613,28,688
c12e,1697658800085463,5.2255039,2.1841738,0.84027696,27,698
c12e,1697658801085401,5.2272153,2.1847675,0.83662724,26,708
c12e,1697658802086274,5.2201829,2.1807823,0.84652847,29,718
c12e,1697658803086207,5.216723,2.1771178,0.85242152,28,728
c12e,1697658804085461,5.228909,2.193145,0.84623164,26,738
c12e,1697658805085442,5.2234259,2.1937416,0.83485168,24,748
c12e,1697658806085563,5.2139277,2.1909754,0.83127958,25,758
c12e,1697658807086408,5.2006407,2.191947,0.83051544,25,768
c12e,1697658808085620,5.2169127,2.1926265,0.81992644,24,778
c12e,1697658809085524,5.2181029,2.19281,0.81129926,23,788
c12e,1697658810085555,5.2102838,2.1787002,0.81953138,27,798
c12e,1697658811085785,5.22492,2.1816585,0.82324249,27,808
c12e,1697658812085738,5.2263141,2.1791086,0.81572992,24,818
c12e,1697658813086166,5.2205219,2.1784577,0.81570333,25,828
c12e,1697658814085535,5.2250261,2.1784945,0.82366139,27,838
c12e,1697658815085744,5.2264094,2.1751318,0.826771,27,848
c12e,1697658816085580,5.2289329,2.1766558,0.83313715,28,858
c12e,1697658817087096,5.232419,2.1691203,0.85524231,33,868
c12e,1697658818085562,5.248404,2.1785369,0.835459,23,878
c12e,1697658819085615,5.2465892,2.1652193,0.850453,31,888
c12e,1697658820085427,5.2369723,2.1707871,0.85269421,28,898
c12e,1697658821085550,5.2345877,2.1771681,0.85243368,27,908
c12e,1697658822085930,5.2481165,2.1750524,0.84058994,25,918
c12e,1697658823085568,5.2491436,2.1833782,0.84029382,27,928
c12e,1697658824086802,5.2426395,2.1786656,0.84165752,27,938
c12e,1697658825086850,5.2386808,2.1806674,0.82910937,23,948
c12e,1697658826085883,5.2492385,2.175921,0.8272354,26,958
c12e,1697658827085561,5.2398844,2.1844237,0.82165581,24,968
c12e,1697658828085754,5.251245,2.190747,0.82749742,27,978
c12e,1697658829085892,5.24447,2.1809807,0.8159129,23,988
c12e,1697658830085939,5.2449293,2.1829722,0.8186512,26,998
c12e,1697658831086834,5.2378116,2.1627095,0.82965189,29,1008
c12e,1697658832086646,5.2336812,2.1731226,0.8297022,26,1018
c12e,1697658833086328,5.2475224,2.1669018,0.84207553,30,1028
c12e,1697658834086646,5.2346692,2.17683,0.84358442,26,1038
c12e,1697658835086543,5.2559986,2.1859293,0.8395862,27,1048
c12e,1697658836085895,5.2217975,2.1722939,0.85683483,30,1058
c12e,1697658837085876,5.2129445,2.1660995,0.85595411,27,1068
c12e,1697658838085920,5.2143369,2.1714303,0.84720021,25,1078
c12e,1697658839088614,100,100,100,0,1088
c12e,1697658840085773,5.2245836,2.1643116,0.8367123,25,1098
c12e,1697658841085890,5.2372622,2.1799271,0.82589114,24,1108
c12e,1697658842086092,5.2420769,2.1788743,0.82038003,25,1118
c12e,1697658843085749,5.23591,2.1796989,0.827446,27,1128
c12e,1697658844086571,5.2283359,2.1823466,0.8187573,23,1138
c12e,1697658845085976,5.2342734,2.1842802,0.84162039,32,1148
c12e,1697658846085902,5.2557344,2.1899414,0.83109009,25,1158
c12e,1697658847085714,5.2669082,2.1943688,0.83087581,27,1168
c12e,1697658848086941,5.2655058,2.1932676,0.834103,27,1178
c12e,1697658849085744,5.2551069,2.2003517,0.82641429,24,1188
c12e,1697658850086258,5.2349524,2.196795,0.81587887,22,1198
c12e,1697658851085760,5.2317281,2.1905997,0.83562779,30,1208
c12e,1697658852086497,5.2254148,2.1877208,0.83147681,25,1218
c12e,1697658853085651,5.2201414,2.190598,0.83897281,27,1228
c12e,1697658854085985,5.2191067,2.1787665,0.84366387,28,1238
c12e,1697658855086585,5.2339392,2.171926,0.84302306,28,1248
c12e,1697658856085824,5.2331223,2.1872833,0.83303779,24,1258
c12e,1697658857085895,5.2317681,2.1774828,0.83161277,26,1268
c12e,1697658858085810,5.2340693,2.1803687,0.83071065,26,1278
c12e,1697658859085713,5.2332168,2.1773493,0.83112532,26,1288
c12e,1697658860086086,5.2314386,2.1739442,0.82761842,25,1298
c12e,1697658861087220,5.2410097,2.1676857,0.83035558,27,1308
c12e,1697658862086791,5.2504745,2.1676757,0.83737093,29,1318
c12e,1697658863085771,5.2487974,2.1695764,0.8405574,28,1328
c12e,1697658864086153,5.2354918,2.1764197,0.83625317,25,1338
c12e,1697658865085780,5.2291646,2.1870322,0.83666021,26,1348
c12e,1697658866085958,5.236629,2.1960936,0.83637559,26,1358
c12e,1697658867086134,5.2355084,2.1937187,0.82485676,23,1368
c12e,1697658868085812,5.2405505,2.1996543,0.82754624,26,1378
c12e,1697658869086062,5.2450366,2.2046518,0.8303377,26,1388
c12e,1697658870087512,5.241065,2.182085,0.85649049,34,1398
c12e,1697658871085743,5.2287536,2.1913257,0.83719569,22,1408
c12e,1697658872086808,5.221643,2.1910863,0.82638478,23,1418
c12e,1697658873086146,5.227097,2.1854985,0.82520974,26,1428
c12e,1697658874085943,5.2192488,2.1798887,0.83805639,29,1438
c12e,1697658875085783,5.2195406,2.1880188,0.83032405,24,8
c12e,1697658876085796,5.2344713,2.1861637,0.83360171,28,18
c12e,1697658877085862,5.21504,2.1880133,0.83651352,26,28
c12e,1697658878087760,5.2270732,2.1862187,0.83902949,28,38
c12e,1697658879086736,5.2243557,2.1924236,0.83520842,25,48
c12e,1697658880085822,5.2320414,2.2023766,0.82782763,24,58
c12e,1697658881086025,5.2201657,2.1901319,0.834441,27,68
c12e,1697658882087819,5.2242956,2.1811056,0.84131622,29,78
c12e,1697658883085885,5.2111154,2.1748297,0.83743006,25,88
c12e,1697658884086466,5.2259393,2.1740332,0.84015757,28,98
c12e,1697658885086533,5.225174,2.1768374,0.85012263,29,108
c12e,1697658886085858,5.2248583,2.1880291,0.83842903,24,118
c12e,1697658887087095,5.2159076,2.1898012,0.83204585,24,128
c12e,1697658888086748,5.2161694,2.195704,0.81532478,21,138
c12e,1697658889085901,5.237546,2.189085,0.81911409,27,148
c12e,1697658890086254,5.2342362,2.1850431,0.81792259,25,158
c12e,1697658891085970,5.2253952,2.1886587,0.82012916,25,168
c12e,1697658892085876,5.2329569,2.1951158,0.816037,24,178
c12e,1697658893086534,5.2232728,2.1918011,0.827621,28,188
c12e,1697658894086077,5.2358484,2.1958616,0.82949579,27,198
c12e,1697658895087156,5.2414947,2.1885636,0.84177268,30,208
c12e,1697658896087997,5.2418523,2.1957393,0.83397186,24,218
c12e,1697658897085974,5.2316012,2.1960223,0.830989,25,228
c12e,1697658898086085,5.2416711,2.2029757,0.82952434,26,238
c12e,1697658899086016,5.2411385,2.2050841,0.82481784,25,248
c12e,1697658900087976,5.2366481,2.1941626,0.8401193,30,258
c12e,1697658901086246,5.22125,2.1990726,0.83269179,23,268
c12e,1697658902086248,5.2167192,2.206346,0.83365822,25,278
c12e,1697658903086308,5.2308741,2.1950526,0.83297265,27,288
c12e,1697658904087148,5.2238941,2.1863775,0.84234148,28,298
c12e,1697658905086037,5.2232261,2.1747801,0.8468287,28,308
c12e,1697658906086894,5.2143693,2.1744637,0.85912234,30,318
c12e,1697658907085938,5.216733,2.1776836,0.84927243,25,328
c12e,1697658908086101,5.2166729,2.1731098,0.846662,27,338
c12e,1697658909086027,5.2160449,2.1772056,0.83461475,24,348
c12e,1697658910086754,5.2228112,2.1803215,0.83088225,25,358
c12e,1697658911086041,5.2332211,2.1918678,0.830862,26,368
c12e,1697658912086622,5.2328405,2.1795821,0.82766503,26,378
c12e,1697658913086088,5.2269645,2.1692135,0.83345973,28,388
c12e,1697658914086050,5.2178969,2.1557951,0.84773117,30,398
c12e,1697658915087534,5.2346778,2.1623404,0.8584004,31,408
c12e,1697658916088519,5.2258487,2.1587963,0.86342496,29,418
c12e,1697658917086539,5.2254152,2.1761656,0.84660995,23,428
c12e,1697658918086076,5.2418227,2.169368,0.8618533,32,438
c12e,1697658919087288,5.2523537,2.1843345,0.84539223,24,448
c12e,1697658920086309,5.2450838,2.1794031,0.8545894,30,458
c12e,1697658921086243,5.2538557,2.1886444,0.85060853,27,468
c12e,1697658922087223,5.2604289,2.198797,0.84385943,26,478
c12e,1697658923086143,5.2474051,2.1899719,0.84922469,28,488
c12e,1697658924086301,5.24498,2.1985641,0.829304,22,498
c12e,1697658925086164,5.244751,2.1951828,0.83170795,27,508
c12e,1697658926086356,5.2374244,2.1873589,0.82866472,25,518
c12e,1697658927086573,5.2451735,2.1934447,0.82077056,24,528
c12e,1697658928086476,5.2402377,2.1879895,0.82304025,26,538
c12e,1697658929086150,5.2344007,2.1840894,0.82325888,26,548
c12e,1697658930086646,5.2391109,2.1899209,0.81345338,23,558
c12e,1697658931086383,5.215023,2.1660123,0.84310663,32,568
c12e,1697658932086755,5.2173333,2.1737719,0.8434363,27,578
c12e,1697658933087362,5.2083607,2.1833973,0.83868891,25,588
c12e,1697658934087046,5.203763,2.1912324,0.83564067,25,598
c12e,1697658935086210,5.20883,2.2014272,0.81619078,21,608
c12e,1697658936086151,5.2129016,2.1992052,0.81910539,26,618
c12e,1697658937086233,5.2236729,2.1803393,0.853023,35,628
c12e,1697658938087387,5.2229223,2.1753931,0.84527129,26,638
c12e,1697658939086161,5.2036953,2.1763692,0.8357017,23,648
c12e,1697658940086586,5.2000771,2.1757965,0.83049017,24,658
c12e,1697658941086188,5.2021413,2.1727214,0.83919775,28,668
c12e,1697658942087230,5.2168889,2.1801593,0.84553206,28,678
c12e,1697658943086238,5.2171421,2.1838868,0.85162652,28,688
c12e,1697658944086386,5.2077489,2.1827743,0.8362667,23,698
c12e,1697658945086187,5.2289457,2.1847978,0.83272666,26,708
c12e,1697658946086576,5.246871,2.1844563,0.84253412,30,718
c12e,1697658947087356,5.2601223,2.1923454,0.82504541,23,728
c12e,1697658948087306,5.2517452,2.2039015,0.82187939,24,738
c12e,1697658949089213,5.2427092,2.2007561,0.82788491,27,748
c12e,1697658950086156,5.2392926,2.1965637,0.82646543,25,758
c12e,1697658951087519,5.2330732,2.1947777,0.82835,26,768
c12e,1697658952087302,5.2203312,2.181082,0.840825,29,778
c12e,1697658953086965,5.2143474,2.1822481,0.84313494,27,788
c12e,1697658954086196,5.2134333,2.172524,0.84710556,28,798
c12e,1697658955086303,5.2309632,2.1740429,0.842959,27,808
c12e,1697658956086304,5.2216296,2.1711485,0.85353678,29,818
c12e,1697658957088492,5.2086015,2.1793466,0.84584415,24,828
c12e,1697658958087366,5.1970277,2.1692948,0.85942692,30,838
c12e,1697658959086341,5.2085614,2.1667192,0.85277915,27,848
c12e,1697658960086946,5.229342,2.1755192,0.84738481,27,858
c12e,1697658961086452,5.2292728,2.1768084,0.85101908,28,868
c12e,1697658962086610,5.2339416,2.1844225,0.8433516,25,878
c12e,1697658963088644,5.2213306,2.1915567,0.83652812,24,888
c12e,1697658964086390,5.2264876,2.193717,0.84348339,28,898
c12e,1697658965087154,5.2351918,2.1843851,0.85701382,31,908
c12e,1697658966088608,5.2340832,2.181175,0.8499229,26,918
c12e,1697658967086808,5.2236543,2.1853023,0.84151083,24,928
c12e,1697658968086267,5.2201486,2.1759167,0.84100431,27,938
c12e,1697658969086866,5.2349038,2.1848238,0.82952332,24,948
c12e,1697658970086544,5.2335134,2.179383,0.82820523,26,958
c12e,1697658971088508,5.2418413,2.1743886,0.83516306,28,968
c12e,1697658972086284,5.2500038,2.1808636,0.83195168,26,978
c12e,1697658973086565,5.2388287,2.1876786,0.82258695,23,988
c12e,1697658974086866,5.2270632,2.1784241,0.82897836,27,998
c12e,1697658975086431,5.2260184,2.1717687,0.84614044,31,1008
c12e,1697658976086492,5.2457528,2.1875196,0.8395651,26,1018
c12e,1697658977086389,5.2563686,2.188849,0.83840781,27,1028
c12e,1697658978086766,5.2628322,2.1841533,0.8264764,24,1038
c12e,1697658979087296,5.2700353,2.1702642,0.84736925,33,1048
c12e,1697658980087479,5.2582664,2.1696141,0.83710057,25,1058
c12e,1697658981086695,5.2579384,2.1791184,0.84632093,29,1068
c12e,1697658982086415,5.2320404,2.1834188,0.83829528,24,1078
c12e,1697658983086620,5.233758,2.1770208,0.84113848,28,1088
c12e,1697658984086388,5.2521386,2.18467,0.84495819,28,1098
c12e,1697658985086452,5.2391415,2.1819954,0.84573251,27,1108
c12e,1697658986087538,5.2375984,2.180351,0.8384515,25,1118
c12e,1697658987086473,5.2197857,2.1703215,0.84948635,29,1128
c12e,1697658988087487,5.2291651,2.1689036,0.84471,27,1138
c12e,1697658989087378,5.2387362,2.180722,0.83687907,25,1148
c12e,1697658990086442,5.2415915,2.1882803,0.83867961,27,1158
c12e,1697658991086504,5.2524786,2.1904221,0.83500415,26,1168
c12e,1697658992086484,5.2421918,2.193686,0.8205151,22,1178
c12e,1697658993087626,5.2254634,2.1978188,0.82785016,26,1188
c12e,1697658994086771,5.2277608,2.1785052,0.852306,33,1198
c12e,1697658995086438,5.2377248,2.1802189,0.84577894,26,1208
c12e,1697658996086381,5.2207937,2.1673002,0.85449678,29,1218
c12e,1697658997086468,5.222672,2.1734278,0.84962803,26,1228
c12e,1697658998087530,5.228116,2.171124,0.84746885,27,1238
c12e,1697658999088529,5.2266421,2.1791315,0.83803689,24,1248
c12e,1697659000086426,5.2339015,2.17108,0.85613424,32,1258
c12e,1697659001087803,5.2293067,2.1677,0.85786933,28,1268
c12e,1697659002087452,5.2332053,2.1700747,0.85893309,28,1278
c12e,1697659003086458,5.2334461,2.1718988,0.85130376,26,1288
c12e,1697659004086548,5.23693,2.1766629,0.83926797,24,1298
c12e,1697659005086922,5.2365417,2.1867361,0.82564235,23,1308
c12e,1697659006087346,5.2562613,2.1898007,0.82498133,26,1318
c12e,1697659007086516,5.2476196,2.1967456,0.82254493,24,1328
c12e,1697659008086533,5.25197,2.1990173,0.81619877,24,1338
c12e,1697659009086604,5.2488122,2.2004631,0.81664264,25,1348
c12e,1697659010086958,5.2496681,2.1939695,0.81757361,26,1358
c12e,1697659011086600,5.2450385,2.183954,0.81994337,26,1368
c12e,1697659012086640,5.2603116,2.1846128,0.83177024,29,1378
c12e,1697659013087378,5.2578397,2.1843617,0.83719277,28,1388
c12e,1697659014086644,5.223423,2.179137,0.84528714,27,1398
c12e,1697659015087270,5.2229652,2.1879194,0.83868355,25,1408
c12e,1697659016086775,5.21862,2.1784041,0.84218895,27,1418
c12e,1697659017086738,5.2256408,2.1842716,0.84362388,27,1428
c12e,1697659018086563,5.2402692,2.1877656,0.8348524,25,1438
c12e,1697659019087448,5.2322049,2.18854,0.83107644,25,8
c12e,1697659020086948,5.2337823,2.1891975,0.84038377,29,18
c12e,1697659021088015,5.2163277,2.183171,0.82753783,23,28
c12e,1697659022086515,5.2063541,2.1893859,0.81420809,21,38
c12e,1697659023086576,5.2242656,2.2031066,0.8025853,22,48
c12e,1697659024086801,5.2278771,2.1994452,0.80214238,24,58
c12e,1697659025086615,5.2369628,2.1944687,0.80819058,26,68
c12e,1697659026086775,5.224894,2.1965358,0.82157356,27,78
c12e,1697659027087036,5.2375917,2.1894844,0.82894135,28,88
c12e,1697659028086632,5.2390213,2.1911738,0.82479757,25,98
c12e,1697659029087237,5.2486534,2.1916628,0.81895274,25,108
c12e,1697659030086982,5.2284546,2.173645,0.82418543,26,118
c12e,1697659031086598,5.2370353,2.172204,0.83353859,29,128
c12e,1697659032086706,5.248486,2.177382,0.8341344,27,138
c12e,1697659033086676,5.249362,2.1742404,0.84250516,29,148
c12e,1697659034086608,5.2505441,2.172045,0.85582459,31,158
c12e,1697659035086632,5.239996,2.1654646,0.84877545,26,168
c12e,1697659036086669,5.223104,2.164366,0.83613884,23,178
c12e,1697659037087525,5.2326355,2.1747088,0.84230369,28,188
c12e,1697659038087046,5.2290549,2.17625,0.83880883,26,198
c12e,1697659039087328,5.231235,2.1796243,0.83431405,25,208
c12e,1697659040088081,5.2195783,2.1890798,0.84065491,27,218
c12e,1697659041086702,5.2011371,2.1849909,0.83408594,24,228
c12e,1697659042087222,5.2045569,2.1893842,0.83038247,25,238
c12e,1697659043087634,5.2256794,2.1790981,0.84258574,30,248
c12e,1697659044087972,5.2362056,2.1878266,0.84801614,28,258
c12e,1697659045087474,5.2333207,2.193419,0.84342629,26,268
c12e,1697659046086813,5.2266722,2.1886504,0.82446969,22,278
c12e,1697659047087458,5.21764,2.1830781,0.83688611,28,288
c12e,1697659048086748,5.2067633,2.1971467,0.83396989,24,298
c12e,1697659049086766,5.2188573,2.1973548,0.83096,26,308
c12e,1697659050086794,5.207974,2.1909277,0.82677495,24,318
c12e,1697659051087596,5.2073517,2.1798561,0.83420771,28,328
c12e,1697659052087058,5.2114325,2.1877289,0.8381452,27,338
c12e,1697659053086985,5.2201462,2.1888771,0.82557774,23,348
c12e,1697659054086770,5.2231326,2.1943586,0.8242169,25,358
c12e,1697659055086710,5.2183061,2.1915102,0.83825773,29,368
c12e,1697659056086840,5.2103014,2.183696,0.82932132,24,378
c12e,1697659057086712,5.2027521,2.1703358,0.85606545,33,388
c12e,1697659058086836,5.205616,2.16584,0.855765,28,398
c12e,1697659059087326,5.203887,2.1803374,0.847147,24,408
c12e,1697659060087797,5.2245779,2.1805212,0.85291767,29,418
c12e,1697659061087561,5.2274561,2.1858985,0.852251,27,428
c12e,1697659062086860,5.2370243,2.18809,0.83622807,24,438
c12e,1697659063086782,5.2317972,2.1853149,0.83728534,27,448
c12e,1697659064087103,5.23499,2.1824603,0.82655144,24,458
c12e,1697659065086944,5.2333198,2.184798,0.82866907,26,468
c12e,1697659066087999,5.235363,2.1899059,0.83284432,27,478
c12e,1697659067086867,5.2247152,2.1951611,0.82505912,23,488
c12e,1697659068099635,5.2375298,2.200202,0.82368338,25,498
c12e,1697659069086962,5.2408085,2.199384,0.80977482,22,508
c12e,1697659070086873,5.2391973,2.1862998,0.82686824,30,518
c12e,1697659071086864,5.2418318,2.179976,0.840144,30,528
c12e,1697659072087626,5.23523,2.190598,0.82948691,23,538
c12e,1697659073086868,5.235692,2.1846814,0.83382231,27,548
c12e,1697659074087902,5.2248096,2.1794145,0.83364046,26,558
c12e,1697659075087597,5.228168,2.1767812,0.83993375,28,568
c12e,1697659076086822,5.2283282,2.1846507,0.83411437,25,578
c12e,1697659077086840,5.2452803,2.1949146,0.83166963,26,588
c12e,1697659078086905,5.2519808,2.1851709,0.82944745,26,598
c12e,1697659079087011,5.246376,2.1881211,0.832889,27,608
c12e,1697659080086899,5.2509894,2.1823823,0.82991564,26,618
c12e,1697659081087254,5.2316422,2.1820059,0.82532352,24,628
c12e,1697659082087896,5.2248945,2.1904955,0.82079458,24,638
c12e,1697659083086940,5.2314014,2.1928554,0.8243162,26,648
c12e,1697659084087324,5.2128887,2.1979795,0.82399505,24,658
c12e,1697659085086868,5.2227397,2.1844606,0.82641393,27,668
c12e,1697659086088466,5.2221823,2.1845396,0.82388,25,678
c12e,1697659087086992,5.2424035,2.1937931,0.819798,25,688
c12e,1697659088086966,5.2432652,2.19788,0.81226981,23,698
c12e,1697659089086902,5.21647,2.2027242,0.80667418,21,708
c12e,1697659090086906,5.2125549,2.182174,0.84065396,34,718
c12e,1697659091086917,5.2152419,2.1870656,0.83678252,25,728
c12e,1697659092087930,5.2150607,2.1884732,0.8351627,26,738
c12e,1697659093087959,5.2202969,2.1757832,0.83753622,28,748
c12e,1697659094087286,5.2419405,2.1741323,0.84455246,29,758
c12e,1697659095086932,5.2348852,2.164681,0.85191059,29,768
c12e,1697659096087020,5.22994,2.1672742,0.85510534,28,778
c12e,1697659097087220,5.2316027,2.1800749,0.84928012,26,788
c12e,1697659098087958,5.2313523,2.1755347,0.85600013,29,798
c12e,1697659099087002,5.2320819,2.1768103,0.84817922,26,808
c12e,1697659100087010,5.2322235,2.1817074,0.83980024,25,818
c12e,1697659101087076,5.2491035,2.1725044,0.85011673,31,828
c12e,1697659102087115,5.2359,2.1774752,0.839313,24,838
c12e,1697659103087007,5.2315531,2.1799619,0.83471942,25,848
c12e,1697659104087376,5.2297454,2.1765935,0.8404696,28,858
c12e,1697659105087573,5.2155285,2.1821365,0.82487559,22,868
c12e,1697659106090412,5.1999831,2.1774969,0.83153796,26,878
c12e,1697659107088076,5.2069969,2.1657341,0.83011991,26,888
c12e,1697659108087083,5.2167726,2.1784234,0.82701528,25,898
c12e,1697659109087590,5.20871,2.1858695,0.82906079,25,908
c12e,1697659110087099,5.2224751,2.1981885,0.81509835,22,918
c12e,1697659111087347,5.2184157,2.1818128,0.83328265,30,928
c12e,1697659112087118,5.2219491,2.1846371,0.82954282,25,938
c12e,1697659113087104,5.2177877,2.1905086,0.82078034,23,948
c12e,1697659114087085,5.2234664,2.1860635,0.83633626,30,958
c12e,1697659115087496,5.2385216,2.1921742,0.84348035,29,968
c12e,1697659116087242,5.24188,2.1946769,0.82661676,23,978
c12e,1697659117088068,5.2444687,2.1896298,0.82505417,26,988
c12e,1697659118087873,5.2420917,2.1777468,0.82510388,26,998
c12e,1697659119087178,5.2521996,2.1782897,0.81378758,23,1008
c12e,1697659120088108,5.2508016,2.1919971,0.81026083,24,1018
c12e,1697659121087195,5.2528653,2.1820707,0.8169356,27,1028
c12e,1697659122088264,5.2571464,2.1846929,0.81535655,25,1038
c12e,1697659123087130,5.2606382,2.1786921,0.83039635,30,1048
c12e,1697659124087163,5.2588444,2.1697643,0.844266,30,1058
c12e,1697659125087182,5.2464151,2.1746976,0.84201568,26,1068
c12e,1697659126087542,5.2329726,2.1659825,0.85037708,29,1078
c12e,1697659127087214,5.2412133,2.1755266,0.84983051,27,1088
c12e,1697659128088208,5.2368255,2.1793177,0.8325814,23,1098
c12e,1697659129087312,5.2430191,2.1759484,0.82788193,26,1108
c12e,1697659130087235,5.2331758,2.1777213,0.83191073,26,1118
c12e,1697659131090529,5.22069,2.174751,0.84498483,29,1128
c12e,1697659132087195,5.2271628,2.1722651,0.84189016,27,1138
c12e,1697659133088528,5.2564468,2.174113,0.83961338,28,1148
c12e,1697659134088444,5.2492433,2.1812997,0.84076351,27,1158
c12e,1697659135087356,5.2499771,2.182735,0.84985191,29,1168
c12e,1697659136087248,5.2419758,2.1898243,0.85007209,27,1178
c12e,1697659137087573,5.2300348,2.19723,0.83909124,23,1188
c12e,1697659138088096,5.211205,2.1781356,0.84733689,28,1198
c12e,1697659139087432,5.21321,2.1692617,0.8517592,29,1208
c12e,1697659140087350,5.2250204,2.1764593,0.8352201,23,1218
c12e,1697659141087225,5.2253985,2.174927,0.83778328,27,1228
c12e,1697659142088988,5.2281966,2.1781511,0.83060342,25,1238
c12e,1697659143087289,5.2258425,2.1752315,0.82869226,26,1248
c12e,1697659144087642,5.2258716,2.1684153,0.84876639,32,1258
c12e,1697659145087440,5.2241478,2.1755939,0.8479892,27,1268
c12e,1697659146087312,5.2318459,2.1620345,0.86211634,32,1278
c12e,1697659147087306,5.2524304,2.1691644,0.85120481,26,1288
c12e,1697659148088178,5.23724,2.1637328,0.85139018,27,1298
c12e,1697659149087194,5.2421451,2.1777942,0.83274972,22,1308
c12e,1697659150087292,5.2501044,2.1701105,0.8399837,29,1318
c12e,1697659151087394,5.2397852,2.1725082,0.84159946,27,1328
c12e,1697659152087395,5.2325187,2.1805112,0.83928347,26,1338
c12e,1697659153087265,5.2419372,2.1851695,0.83030111,25,1348
c12e,1697659154099488,5.2562766,2.1895053,0.82823384,26,1358
c12e,1697659155088210,5.2380934,2.1824062,0.82894337,26,1368
c12e,1697659156087247,5.2202692,2.1887457,0.83367777,26,1378
c12e,1697659157087282,5.2216148,2.1885633,0.81932431,22,1388
c12e,1697659158087333,5.2225404,2.1912005,0.81961769,25,1398
c12e,1697659159087316,5.2272868,2.1862566,0.830301,28,1408
c12e,1697659160088234,5.235497,2.1952376,0.82658106,25,1418
c12e,1697659161087559,5.2309251,2.1903462,0.8339749,28,1428
c12e,1697659162087518,5.2392812,2.1985598,0.83409339,26,1438
c12e,1697659163087656,5.4716864,2.1899242,0.85867894,47,8
c12e,1697659164087515,5.4085674,2.1804535,0.84842539,25,18
c12e,1697659165087370,5.3603005,2.1840212,0.83794892,24,28
c12e,1697659166088050,5.3187065,2.1810493,0.8469032,28,38
c12e,1697659167089201,5.298008,2.1762457,0.85391331,29,48
c12e,1697659168087317,5.2914715,2.1780236,0.84377325,25,58
c12e,1697659169087582,5.29102,2.1854696,0.8408612,27,68
c12e,1697659170087402,5.2742209,2.1859381,0.83557653,48,78
c12e,1697659171087368,5.2582407,2.1720953,0.8452754,29,88
c12e,1697659172087440,5.2489696,2.170074,0.85666424,30,98
c12e,1697659173087631,5.2487197,2.1708722,0.86081409,29,108
c12e,1697659174087332,5.2290044,2.1654549,0.86517042,29,118
c12e,1697659175087833,5.2325,2.1531706,0.87350124,31,128
c12e,1697659176087434,5.2320981,2.1662245,0.86705762,27,138
c12e,1697659177089306,5.2392993,2.1689091,0.8649779,28,148
c12e,1697659178087871,5.236063,2.1600609,0.86540896,29,158
c12e,1697659179087426,5.2283645,2.1686873,0.86933053,29,168
c12e,1697659180087810,5.2323613,2.1837807,0.85486752,24,178
c12e,1697659181087628,5.2246656,2.1859126,0.84255487,24,188
c12e,1697659182087490,5.2233067,2.1876259,0.82161129,21,198
c12e,1697659183087845,5.2225103,2.1904681,0.83061475,27,208
c12e,1697659184087878,5.2171197,2.1928928,0.82755363,25,218
c12e,1697659185087636,5.2059612,2.1971755,0.8174445,22,228
c12e,1697659186087488,5.2059841,2.2039969,0.81600463,24,238
c12e,1697659187088458,5.2100406,2.19447,0.828567,28,248
c12e,1697659188087897,5.2209268,2.1924219,0.81788629,23,258
c12e,1697659189087464,5.2231774,2.1883497,0.82471889,27,268
c12e,1697659190089475,5.2268772,2.1903424,0.82191527,25,278
c12e,1697659191087658,5.2325873,2.1923091,0.813371,23,288
c12e,1697659192087507,5.2417459,2.1866641,0.82817781,29,298
c12e,1697659193088649,5.2373409,2.1800072,0.83746,28,308
c12e,1697659194087506,5.2317858,2.1881273,0.83018076,24,318
c12e,1697659195089034,5.2285843,2.1843445,0.82652551,25,328
c12e,1697659196089168,5.2325988,2.1748474,0.82083452,25,338
c12e,1697659197087572,5.2401881,2.1832523,0.81605715,24,348
c12e,1697659198087550,5.2369008,2.1788337,0.81039995,24,358
c12e,1697659199087970,5.2276878,2.1768067,0.82075465,27,368
c12e,1697659200087582,5.2266994,2.1694062,0.83572191,30,378