c12e,1700352010800553,5.3248892,1.8376876,0.79567754,30,250
c12e,1700352010801276,5.3430624,1.8427094,0.77659577,22,260
c12e,1700352010801720,5.3314548,1.8323393,0.79696673,31,270
c12e,1700352010802146,5.3348489,1.8330293,0.80229229,29,280
c12e,1700352010802571,5.3422136,1.8488559,0.80081069,27,290
c12e,1700352010802996,5.35471,1.8422632,0.79597431,27,300
c12e,1700352010803421,5.3428135,1.8413242,0.79995906,28,310
c12e,1700352010803846,5.3531241,1.8339509,0.817473,32,320
c12e,1700352010804270,5.3495436,1.8349123,0.80124468,24,330
c12e,1700352010804703,5.3443794,1.8482509,0.79430181,25,340
c12e,1700352011441514,5.3359771,1.8384817,0.79860634,28,350
c12e,1700352012441935,5.32944,1.826966,0.81396192,31,360
c12e,1700352013440938,5.3196378,1.8224957,0.80630887,26,370
c12e,1700352014440567,5.3051753,1.8199731,0.80085725,25,380
c12e,1700352015441468,5.30622,1.8260503,0.79957825,27,390
c12e,1700352016441224,5.3031325,1.8240588,0.80026442,27,400
c12e,1700352017441397,5.3397098,1.8427304,0.78299826,24,410
c12e,1700352018441629,5.3603339,1.8493736,0.77231795,24,420
c12e,1700352019441018,5.3540907,1.8392837,0.78517723,29,430
c12e,1700352020441049,5.3444481,1.8404925,0.78171122,25,440
c12e,1700352021440693,5.3327384,1.8489218,0.76635182,22,450
c12e,1700352022440686,5.3158188,1.8361927,0.77768344,27,460
c12e,1700352023441085,5.323977,1.8293997,0.79275274,30,470
c12e,1700352024442549,5.3355622,1.848351,0.79057562,26,480
c12e,1700352025441037,5.3243661,1.8406585,0.77998483,23,490
c12e,1700352026440687,5.3233223,1.8327776,0.78949046,28,500
c12e,1700352027441942,5.3475232,1.8374709,0.79470468,29,510
c12e,1700352028440671,5.3411136,1.844255,0.8034153,29,520
c12e,1700352029440791,5.3712406,1.8348315,0.79190731,25,530
c12e,1700352030440640,5.3585472,1.8386306,0.79638731,28,540
c12e,1700352031440782,5.353889,1.8384634,0.79511648,27,550
c12e,1700352032440697,5.3407588,1.8250234,0.82304007,34,560
c12e,1700352033441054,5.3455696,1.8260568,0.82536018,30,570
c12e,1700352034441042,5.3395586,1.832767,0.80871779,24,580
c12e,1700352035442419,5.3281589,1.8298212,0.806123,27,590
c12e,1700352036440730,5.3313489,1.8369926,0.81128639,29,600
c12e,1700352037440860,5.3098965,1.8390163,0.80045342,24,610
c12e,1700352038440771,5.3183603,1.8402091,0.79803562,27,620
c12e,1700352039440756,5.3152885,1.8275348,0.81268531,31,630
c12e,1700352040440883,5.3144846,1.8281263,0.82130337,30,640
c12e,1700352041441188,5.3438845,1.8295619,0.81835634,29,650
c12e,1700352042440754,5.3460722,1.8389497,0.81709927,28,660
c12e,1700352043442999,5.3277807,1.8323411,0.81434345,27,670
c12e,1700352044440789,5.3170686,1.8354023,0.80677342,26,680
c12e,1700352045440790,5.3301349,1.8388972,0.813867,30,690
c12e,1700352046442049,5.3222466,1.828734,0.8238315,30,700
c12e,1700352047443507,5.3242493,1.8376889,0.81702012,27,710
c12e,1700352048440901,5.3279729,1.836946,0.7960974,23,720
c12e,1700352049440826,5.3211608,1.8395778,0.80932105,30,730
c12e,1700352050441203,5.3322387,1.8420135,0.7981739,25,740
c12e,1700352051440839,5.3080759,1.8353515,0.78726643,23,750
c12e,1700352052441780,5.2979507,1.8325655,0.78824544,26,760
c12e,1700352053441728,5.3183165,1.836727,0.7957021,29,770
c12e,1700352054440848,5.3121166,1.8291821,0.80136532,28,780
c12e,1700352055443283,5.318789,1.8439504,0.79017693,24,790
c12e,1700352056440848,5.311131,1.8604959,0.777012,23,800
c12e,1700352057440948,5.3023543,1.8602457,0.77234924,24,810
c12e,1700352058442534,5.3237739,1.8551679,0.7574234,22,820
c12e,1700352059440927,5.3273239,1.8479333,0.76597184,27,830
c12e,1700352060440978,5.3279839,1.8411024,0.77661246,28,840
c12e,1700352061441250,5.3484273,1.8300517,0.7963376,32,850
c12e,1700352062440950,5.3328276,1.8492943,0.78459364,23,860
c12e,1700352063440898,5.3223,1.8322529,0.80431658,31,870
c12e,1700352064441922,5.3143106,1.8311043,0.82720721,33,880
c12e,1700352065440916,5.31016,1.8233726,0.81693643,26,890
c12e,1700352066440890,5.3099813,1.8293322,0.81065047,27,900
c12e,1700352067440911,5.2914171,1.8311169,0.80735213,26,910
c12e,1700352068440941,5.3204985,1.8435539,0.81036466,29,920
c12e,1700352069441218,5.3210249,1.8378079,0.80623007,27,930
c12e,1700352070441615,5.3241148,1.8445138,0.79011238,23,940
c12e,1700352071440931,5.3325233,1.8298719,0.80587643,31,950
c12e,1700352072441168,5.3143439,1.83,0.80850571,28,960
c12e,1700352073442174,5.3255229,1.829724,0.804586,27,970
c12e,1700352074440978,5.3337965,1.8259001,0.80661386,28,980
c12e,1700352075441078,5.3552508,1.8345473,0.77963954,23,990
c12e,1700352076441719,5.3367295,1.8392856,0.78189218,26,1000
c12e,1700352077440989,5.3548584,1.8365244,0.78530484,28,1010
c12e,1700352078440965,5.3339162,1.8319972,0.79056942,27,1020
c12e,1700352079441412,5.3207059,1.8366376,0.79107565,26,1030
c12e,1700352080441067,5.311028,1.8343142,0.803368,29,1040
c12e,1700352081442398,5.3073826,1.8449538,0.79906285,26,1050
c12e,1700352082441484,5.3044882,1.8374846,0.79881608,27,1060
c12e,1700352083441033,5.2984571,1.8349246,0.8052364,28,1070
c12e,1700352084441263,5.2949424,1.8329594,0.80589157,27,1080
c12e,1700352085441016,5.3085318,1.843727,0.80293888,27,1090
c12e,1700352086441318,5.2961993,1.8308842,0.80741853,28,1100
c12e,1700352087441391,5.2961483,1.8386894,0.80702192,27,1110
c12e,1700352088441035,5.316824,1.8383508,0.79802865,26,1120
c12e,1700352089441390,5.3322096,1.8342693,0.77505,22,1130
c12e,1700352090441148,5.3362513,1.8228927,0.79185027,30,1140
c12e,1700352091441288,5.3102345,1.8247441,0.78170663,23,1150
c12e,1700352092442574,5.30652,1.8385825,0.77218884,23,1160
c12e,1700352093441981,5.3252568,1.8295953,0.78566563,29,1170
c12e,1700352094442426,5.3328505,1.8271846,0.78269029,26,1180
c12e,1700352095441100,5.3422985,1.8275712,0.78488809,27,1190
c12e,1700352096441070,5.3492341,1.8279043,0.79246676,29,1200
c12e,1700352097441430,5.3382263,1.8356858,0.79839993,28,1210
c12e,1700352098441433,5.3238277,1.8328021,0.79994547,27,1220
c12e,1700352099441875,5.2988586,1.8293985,0.80595297,28,1230
c12e,1700352100441993,5.3242965,1.8299149,0.81045038,29,1240
c12e,1700352101442110,5.3343625,1.854682,0.80216938,26,1250
c12e,1700352102441960,5.3245916,1.8404633,0.80716318,28,1260
c12e,1700352103442091,5.3148537,1.844443,0.7916491,23,1270
c12e,1700352104442505,5.3089619,1.8365082,0.80441505,30,1280
c12e,1700352105441101,5.3137879,1.8317782,0.80255157,27,1290
c12e,1700352106441162,5.3325567,1.8427525,0.78961146,24,1300
c12e,1700352107442282,5.3530746,1.8413178,0.79392344,28,1310
c12e,1700352108441678,5.346971,1.8254714,0.81282085,32,1320
c12e,1700352109441218,5.3313718,1.8273237,0.80958754,27,1330
c12e,1700352110441294,5.3099422,1.8310027,0.79432327,23,1340
c12e,1700352111441782,5.3224068,1.8341793,0.80481726,30,1350
c12e,1700352112441220,5.3274131,1.847669,0.79458064,25,1360
c12e,1700352113441862,5.327827,1.8593147,0.78737158,25,1370
c12e,1700352114441456,5.3174739,1.8512293,0.790427,27,1380
c12e,1700352115442078,5.3260098,1.8493346,0.78830671,26,1390
c12e,1700352116441204,5.3615685,1.8339097,0.80722266,32,1400
c12e,1700352117441663,5.37206,1.8281158,0.80446118,28,1410
c12e,1700352118441201,5.3689795,1.8386179,0.79374158,25,1420
c12e,1700352119441616,5.3561959,1.8421994,0.78320622,24,1430
c12e,1700352120441170,5.3615518,1.8359493,0.79299933,29,0
c12e,1700352121441176,5.3409963,1.8336555,0.78517294,24,10
c12e,1700352122441187,5.3434911,1.8405674,0.79028088,28,20
c12e,1700352123441190,5.34202,1.8510641,0.77421683,22,30
c12e,1700352124441616,5.3355265,1.8486522,0.7902714,30,40
c12e,1700352125442076,5.3336892,1.8482339,0.79388738,28,50
c12e,1700352126441340,5.324646,1.8539745,0.77643508,22,60
c12e,1700352127441438,5.31563,1.8292372,0.79741251,31,70
c12e,1700352128441182,5.3318453,1.8430644,0.7908141,26,80
c12e,1700352129441245,5.3248138,1.8344966,0.78644365,25,90
c12e,1700352130442553,5.3456135,1.8482993,0.79172975,28,100
c12e,1700352131442753,5.33263,1.8363408,0.79443067,27,110
c12e,1700352132441270,5.3371339,1.8258251,0.80228788,29,120
c12e,1700352133441380,5.3389459,1.835474,0.79257721,25,130
c12e,1700352134442245,5.3193192,1.8348528,0.78570557,24,140
c12e,1700352135443162,5.3302541,1.8341883,0.80430746,32,150
c12e,1700352136441228,5.3310728,1.8490728,0.80626875,28,160
c12e,1700352137442050,5.3246384,1.8486317,0.80675787,28,170
c12e,1700352138445186,5.356895,1.8340023,0.81218868,30,180
c12e,1700352139441222,5.3562145,1.8400928,0.79775995,24,190
c12e,1700352140441724,5.3430285,1.8397005,0.79946524,27,200
c12e,1700352141441568,5.3406591,1.8385912,0.8045606,29,210
c12e,1700352142441269,5.3476577,1.8547421,0.78121811,22,220
c12e,1700352143445369,5.3440852,1.8440576,0.79291296,29,230
c12e,1700352144442261,5.3209147,1.8266845,0.79638177,27,240
c12e,1700352145445145,5.3387551,1.8250537,0.80949503,31,250
c12e,1700352146451457,5.3547335,1.837671,0.79258555,24,260
c12e,1700352147441216,5.3190379,1.8411307,0.786253,24,270
c12e,1700352148441418,5.2901249,1.8333174,0.78007865,23,280
c12e,1700352149441346,5.29413,1.8434469,0.77826852,25,290
c12e,1700352150441232,5.3024125,1.8420756,0.77223223,24,300
c12e,1700352151442216,5.312562,1.8536384,0.76434284,23,310
c12e,1700352152442753,5.3090467,1.8427129,0.78868777,31,320
c12e,1700352153442199,5.3244681,1.8399453,0.78840089,27,330
c12e,1700352154441550,5.3158293,1.8352561,0.79501754,28,340
c12e,1700352155441388,5.3319435,1.8402016,0.80875826,31,350
c12e,1700352156441343,5.3242359,1.8471789,0.79030937,23,360
c12e,1700352157441425,5.3253446,1.8385167,0.80998981,32,370
c12e,1700352158441680,5.3066058,1.8335475,0.80810291,27,380
c12e,1700352159442216,5.3137197,1.8420483,0.79434949,24,390
c12e,1700352160441362,5.3339667,1.8400602,0.78523463,25,400
c12e,1700352161441354,5.3181448,1.8369225,0.79951632,29,410
c12e,1700352162441755,5.3153739,1.8536625,0.78324014,23,420
c12e,1700352163443047,5.3455491,1.8516146,0.78776354,28,430
c12e,1700352164442869,5.318902,1.8464113,0.7999959,29,440
c12e,1700352165442512,5.3198051,1.8392261,0.79944593,27,450
c12e,1700352166441398,5.301353,1.8243943,0.79365069,25,460
c12e,1700352167441443,5.3140936,1.8379859,0.80058378,29,470
c12e,1700352168451137,5.3386054,1.8413937,0.78952658,25,480
c12e,1700352169441450,5.3356614,1.8582777,0.7866292,26,490
c12e,1700352170445069,5.3279681,1.8554866,0.7706874,22,500
c12e,1700352171441462,5.3179274,1.8380634,0.77796561,27,510
c12e,1700352172441679,5.3130922,1.8317429,0.79787856,31,520
c12e,1700352173441353,5.3249249,1.8398292,0.80050653,28,530
c12e,1700352174441788,5.3096609,1.8381552,0.79932415,26,540
c12e,1700352175442020,5.3438697,1.8291833,0.81469911,32,550
c12e,1700352176441381,5.3287306,1.8307887,0.80029732,24,560
c12e,1700352177442524,5.3343182,1.8501836,0.79779786,27,570
c12e,1700352178442353,5.3463411,1.841097,0.7949518,27,580
c12e,1700352179442956,5.3257475,1.8376024,0.79123,25,590
c12e,1700352180441460,5.3366241,1.8289855,0.80630159,31,600
c12e,1700352181441737,5.3238192,1.8313625,0.79101253,23,610
c12e,1700352182441419,5.32217,1.835292,0.78894961,26,620
c12e,1700352183441589,5.3267126,1.8223137,0.80660832,31,630
c12e,1700352184441486,5.3193669,1.8264164,0.81232357,29,640
c12e,1700352185442848,5.3071594,1.831715,0.7913698,22,650
c12e,1700352186441561,5.3288574,1.8367591,0.78882724,27,660
c12e,1700352187441504,5.3398876,1.841352,0.78453541,26,670
c12e,1700352188441669,5.3607464,1.8394692,0.7830953,27,680
c12e,1700352189441585,5.3329597,1.8277928,0.797029,29,690
c12e,1700352190441538,5.3629403,1.8439904,0.78432977,24,700
c12e,1700352191441878,5.359807,1.8559653,0.75526983,21,710
c12e,1700352192442419,5.3417358,1.838532,0.77236652,28,720
c12e,1700352193442095,5.3356953,1.8399152,0.77008468,25,730
c12e,1700352194441562,5.3357444,1.8365164,0.77750504,27,740
c12e,1700352195452144,5.3243303,1.8341326,0.784845,27,750
c12e,1700352196441926,5.3356686,1.8527864,0.7740382,24,760
c12e,1700352197441479,5.3393621,1.8505441,0.78790039,29,770
c12e,1700352198446622,5.3690453,1.8484586,0.78800803,27,780
c12e,1700352199441576,5.3488674,1.837119,0.7849853,25,790
c12e,1700352200441560,5.3226876,1.8297082,0.79969519,29,800
c12e,1700352201441586,5.3100376,1.8327023,0.7875973,23,810
c12e,1700352202441526,5.3156819,1.8384532,0.78485942,26,820
c12e,1700352203441582,5.3153276,1.8230892,0.79249668,28,830
c12e,1700352204441660,5.3146906,1.8349724,0.79813278,28,840
c12e,1700352205441634,5.3216391,1.8415749,0.80824369,30,850
c12e,1700352206441633,5.3193517,1.8414338,0.78661585,22,860
c12e,1700352207442666,5.3102875,1.8437046,0.78605771,26,870
c12e,1700352208441676,5.3199711,1.8444532,0.79199076,28,880
c12e,1700352209442413,5.3146024,1.8321929,0.80845112,31,890
c12e,1700352210442755,5.3414745,1.8466828,0.79049426,24,900
c12e,1700352211441788,5.3245211,1.8469353,0.788406,25,910
c12e,1700352212441674,5.3284583,1.8520528,0.78521675,26,920
c12e,1700352213443137,5.3206105,1.8465552,0.79930985,30,930
c12e,1700352214441682,5.3091016,1.8572448,0.7872569,23,940
c12e,1700352215441816,5.3004932,1.8526971,0.79882157,29,950
c12e,1700352216441865,5.286581,1.8434144,0.79508328,25,960
c12e,1700352217441744,5.3011956,1.8325782,0.80095148,29,970
c12e,1700352218441814,5.3160243,1.8411895,0.80182439,28,980
c12e,1700352219441643,5.3235707,1.84477,0.79313356,25,990
c12e,1700352220441670,5.3482575,1.8398969,0.798405,29,1000
c12e,1700352221441714,5.3210258,1.8337713,0.78919011,24,1010
c12e,1700352222441951,5.3327656,1.844249,0.79378211,28,1020
c12e,1700352223441748,5.33727,1.8419409,0.79971564,29,1030
c12e,1700352224442999,5.3114033,1.8390923,0.79728377,25,1040
c12e,1700352225443034,5.2937894,1.8317461,0.79414141,25,1050
c12e,1700352226443050,5.2877336,1.8350245,0.79625106,27,1060
c12e,1700352227441763,5.3046641,1.8386403,0.79255527,26,1070
c12e,1700352228441674,5.2813272,1.8200712,0.80840373,29,1080
c12e,1700352229442150,5.2881064,1.8394622,0.79560196,24,1090
c12e,1700352230441774,5.29286,1.835555,0.79870522,28,1100
c12e,1700352231442498,5.2918563,1.8340745,0.79001188,24,1110
c12e,1700352232442712,5.3100681,1.8364341,0.79151744,27,1120
c12e,1700352233441834,5.3059082,1.8348405,0.80218232,29,1130
c12e,1700352234441806,5.3084011,1.8401169,0.79057539,24,1140
c12e,1700352235442058,5.3192625,1.8302248,0.80737239,31,1150
c12e,1700352236441742,5.312489,1.83307,0.80615461,27,1160
c12e,1700352237441773,5.3027072,1.8404112,0.80707359,27,1170
c12e,1700352238441805,5.307858,1.8450084,0.79687911,25,1180
c12e,1700352239441822,5.3033395,1.8515757,0.78090042,22,1190
c12e,1700352240442583,5.304534,1.8360174,0.79772735,30,1200
c12e,1700352241442143,5.2999015,1.8441013,0.78073138,22,1210
c12e,1700352242441852,5.2959561,1.8347212,0.78855824,28,1220
c12e,1700352243442306,5.3015194,1.8254098,0.7960304,28,1230
c12e,1700352244445424,5.3021617,1.8375148,0.792265,26,1240
c12e,1700352245441834,5.2984939,1.843713,0.78233087,24,1250
c12e,1700352246442281,5.3185697,1.8400351,0.79829079,31,1260
c12e,1700352247441885,5.3142557,1.8426057,0.80391878,28,1270
c12e,1700352248441828,5.3272357,1.8326397,0.80790168,29,1280
c12e,1700352249442564,5.3247242,1.8399349,0.80260265,26,1290
c12e,1700352250441856,5.3268452,1.8408993,0.78834993,24,1300
c12e,1700352251441854,5.3437343,1.8473395,0.78170836,25,1310
c12e,1700352252442720,5.3118563,1.8373992,0.79273772,28,1320
c12e,1700352253445154,5.3107948,1.8346857,0.78964907,26,1330
c12e,1700352254441833,5.3199,1.8267128,0.79382437,28,1340
c12e,1700352255441893,5.3384695,1.8351964,0.80349219,30,1350
c12e,1700352256441885,5.35042,1.8475134,0.795227,26,1360
c12e,1700352257442258,5.3386021,1.8526615,0.77816993,22,1370
c12e,1700352258441801,5.3519597,1.8665234,0.77423137,25,1380
c12e,1700352259442900,5.3383913,1.8624817,0.78403628,28,1390
c12e,1700352260442727,5.3268294,1.8624462,0.76072592,20,1400
c12e,1700352261442108,5.3325586,1.8511155,0.76514649,26,1410
c12e,1700352262441921,5.3289051,1.8560319,0.76177269,24,1420
c12e,1700352263443232,5.3362083,1.8543742,0.75886422,24,1430
c12e,1700352264442496,5.3355961,1.8429915,0.7711733,28,0
c12e,1700352265441891,5.3618293,1.8435863,0.77472538,27,10
c12e,1700352266441975,5.3361917,1.8359597,0.79120904,29,20
c12e,1700352267442050,5.3130393,1.8382549,0.78744626,25,30
c12e,1700352268442018,5.3131456,1.8397344,0.78543991,57,40
c12e,1700352269442348,5.3249326,1.825423,0.79528844,29,50
c12e,1700352270442021,5.3261518,1.8315439,0.8005622,28,60
c12e,1700352271442435,5.298811,1.8283237,0.79101682,23,70
c12e,1700352272441984,5.3065743,1.8439651,0.79543322,28,80
c12e,1700352273442829,5.3016458,1.8433714,0.79152972,25,90
c12e,1700352274444276,5.3298688,1.8410571,0.79635388,29,100
c12e,1700352275441990,5.318388,1.8310019,0.80228877,28,110
c12e,1700352276442046,5.3176036,1.8320794,0.79748631,26,120
c12e,1700352277442561,5.3145037,1.8388172,0.80216455,28,130
c12e,1700352278441936,5.310534,1.8424197,0.79219484,24,140
c12e,1700352279442102,5.3181748,1.8260083,0.79900992,29,150
c12e,1700352280443633,5.3231759,1.8319399,0.79517955,26,160
c12e,1700352281441967,5.3087935,1.8425088,0.80321074,28,170
c12e,1700352282442064,5.3384638,1.83246,0.81389785,31,180
c12e,1700352283444566,5.3336926,1.8449682,0.80412036,25,190
c12e,1700352284442085,5.3262839,1.8391008,0.82029575,32,200
c12e,1700352285442006,5.3087039,1.83324,0.81655157,27,210
c12e,1700352286442314,5.3096118,1.8389314,0.82116628,29,220
c12e,1700352287442359,5.3056321,1.8322746,0.81845462,28,230
c12e,1700352288442126,5.3080726,1.830799,0.806689,25,240
c12e,1700352289442001,5.3123226,1.8281606,0.79558063,25,250
c12e,1700352290442024,5.3379669,1.8332645,0.77901584,23,260
c12e,1700352291442030,5.34474,1.8387592,0.779345,26,270
c12e,1700352292442084,5.3600965,1.8347585,0.79337347,30,280
c12e,1700352293442064,5.3452368,1.8393669,0.78358483,24,290
c12e,1700352294443105,5.3358855,1.8319999,0.80475992,32,300
c12e,1700352295442093,5.3493853,1.8391931,0.79994714,27,310
c12e,1700352296442094,5.3383255,1.8294696,0.80012244,27,320
c12e,1700352297442938,5.3353968,1.8338432,0.79739583,27,330
c12e,1700352298442102,5.3458791,1.8442595,0.80165178,29,340
c12e,1700352299442941,5.3423748,1.8368762,0.80331671,28,350
c12e,1700352300442106,5.3548861,1.822614,0.81684208,32,360
c12e,1700352301442258,5.3543739,1.8205882,0.8159858,28,370
c12e,1700352302442841,5.3671179,1.8453798,0.80234206,25,380
c12e,1700352303442940,5.3743682,1.8469986,0.7950598,26,390
c12e,1700352304442996,5.3630486,1.8332508,0.8085286,30,400
c12e,1700352305442984,5.3654389,1.8409296,0.8022486,27,410
c12e,1700352306442069,100,100,100,0,420
c12e,1700352307451181,5.3517342,1.8432463,0.80850369,29,430
c12e,1700352308442349,5.3420997,1.8412808,0.80418575,27,440
c12e,1700352309442635,5.3472061,1.8235747,0.80537069,28,450
c12e,1700352310442168,5.3113618,1.8246669,0.80023313,25,460
c12e,1700352311442216,5.3055315,1.8385751,0.78254813,22,470
c12e,1700352312442359,5.3094568,1.8362362,0.77856827,25,480
c12e,1700352313442377,5.3089623,1.8397244,0.7829352,27,490
c12e,1700352314442200,5.3036871,1.8431304,0.7666859,22,500
c12e,1700352315442278,5.3058877,1.828779,0.77790529,28,510
c12e,1700352316442287,5.3171597,1.83691,0.78483015,28,520
c12e,1700352317442676,5.3031244,1.8265445,0.79673922,29,530
c12e,1700352318442201,5.3133326,1.8242099,0.79234147,26,540
c12e,1700352319442253,5.3177848,1.8224075,0.77979565,23,550
c12e,1700352320442195,5.3182497,1.8315202,0.77461571,24,560
c12e,1700352321442262,5.3104019,1.8340378,0.77591658,25,570
c12e,1700352322442565,5.3131771,1.8350395,0.77067226,24,580
c12e,1700352323442307,5.2986188,1.8360229,0.76759118,24,590
c12e,1700352324442289,5.307827,1.829988,0.7806266,29,600
c12e,1700352325442484,5.3035259,1.8336167,0.78124219,26,610
c12e,1700352326442647,5.304625,1.8377488,0.77904946,25,620
c12e,1700352327442298,5.3035836,1.8300525,0.79862559,31,630
c12e,1700352328442224,5.292439,1.8426486,0.79424596,25,640
c12e,1700352329442220,5.286417,1.8468868,0.78756171,24,650
c12e,1700352330442642,5.2979803,1.8416963,0.78289992,25,660
c12e,1700352331442392,5.2901068,1.8424553,0.77428693,23,670
c12e,1700352332443137,5.3098426,1.8434262,0.77471,26,680
c12e,1700352333442704,5.3108864,1.8313026,0.79081261,30,690
c12e,1700352334442358,5.3233423,1.836571,0.79321879,28,700
c12e,1700352335442491,5.3700423,1.8459159,0.78290993,25,710
c12e,1700352336442328,5.3488722,1.8325636,0.79919338,30,720
c12e,1700352337443252,5.3577666,1.8425931,0.7920261,26,730
c12e,1700352338442834,5.3679914,1.8426726,0.7824319,25,740
c12e,1700352339442320,5.3429751,1.8387394,0.77775627,24,750
c12e,1700352340442755,5.3285823,1.838678,0.76960355,23,760
c12e,1700352341442271,5.3460808,1.8389993,0.76658219,59,770
c12e,1700352342443241,5.3398075,1.8380569,0.77049255,26,780
c12e,1700352343442600,5.3451405,1.8401603,0.77404231,27,790
c12e,1700352344443154,5.3231416,1.8275369,0.78886133,29,800
c12e,1700352345443784,5.3353162,1.8329513,0.7768749,24,810
c12e,1700352346442412,5.3272223,1.8299999,0.78980905,29,820
c12e,1700352347442328,5.336463,1.8370585,0.7768411,23,830
c12e,1700352348442594,5.3465724,1.843779,0.77447623,25,840
c12e,1700352349442762,5.3373866,1.8309391,0.79586434,31,850
c12e,1700352350443116,5.3198595,1.8293074,0.8006438,28,860
c12e,1700352351442593,5.3254523,1.8292238,0.793359,25,870
c12e,1700352352443272,5.33392,1.8466536,0.80318731,30,880
c12e,1700352353443674,5.3197665,1.843945,0.79776609,25,890
c12e,1700352354442448,5.3348937,1.8364466,0.79694176,27,900
c12e,1700352355442524,5.3393722,1.835346,0.80103177,28,910
c12e,1700352356442496,5.3143344,1.8341672,0.80392629,27,920
c12e,1700352357442496,5.3347631,1.8437549,0.79529572,26,930
c12e,1700352358442474,5.3078117,1.846383,0.78844488,24,940
c12e,1700352359442571,5.3157625,1.8376976,0.79216236,28,950
c12e,1700352360442520,5.3223348,1.8340561,0.78895992,26,960
c12e,1700352361446908,5.2927027,1.8317455,0.78303123,23,970
c12e,1700352362442561,5.3231907,1.8462658,0.78314817,27,980
c12e,1700352363442457,5.3171253,1.8371086,0.79671085,29,990
c12e,1700352364442573,5.3411622,1.8392291,0.77704573,22,1000
c12e,1700352365442527,5.3159981,1.8282322,0.78396136,26,1010
c12e,1700352366442454,5.3172407,1.8336695,0.7845006,26,1020
c12e,1700352367442527,5.3146229,1.8319829,0.79536223,29,1030
c12e,1700352368442444,5.331562,1.8428977,0.79018128,26,1040
c12e,1700352369442453,5.3359585,1.8277221,0.79325104,28,1050
c12e,1700352370443341,5.34327,1.8309155,0.78904426,26,1060
c12e,1700352371442561,5.3504877,1.8295025,0.77320415,23,1070
c12e,1700352372451470,5.3795023,1.8422447,0.76819456,25,1080
c12e,1700352373442514,5.3678284,1.82607,0.78931326,31,1090
c12e,1700352374442954,5.3723969,1.828149,0.78943783,27,1100
c12e,1700352375442518,5.3617415,1.8417647,0.77575463,23,1110
c12e,1700352376442874,5.3493848,1.8497869,0.76897854,24,1120
c12e,1700352377442621,5.3290219,1.8463185,0.77057886,25,1130
c12e,1700352378442585,5.313365,1.8474195,0.76892382,24,1140
c12e,1700352379442553,5.3017821,1.8534666,0.76091313,22,1150
c12e,1700352380442516,5.3300843,1.8529885,0.75206208,23,1160
c12e,1700352381443388,5.3313417,1.8442125,0.77297133,30,1170
c12e,1700352382443350,5.3295169,1.8368903,0.78407228,28,1180
c12e,1700352383447798,5.3364878,1.8341407,0.78337979,26,1190
c12e,1700352384442573,5.3449645,1.8357339,0.78736454,28,1200
c12e,1700352385442644,5.3600054,1.8419371,0.7885043,27,1210
c12e,1700352386442592,5.3457832,1.8315636,0.79359865,28,1220
c12e,1700352387442856,5.3419251,1.8361377,0.79335082,27,1230
c12e,1700352388443675,5.3638763,1.8340374,0.785724,25,1240
c12e,1700352389442640,5.3463717,1.8403268,0.79381615,28,1250
c12e,1700352390442627,5.3391361,1.8232393,0.80913836,31,1260
c12e,1700352391442720,5.3335671,1.8225927,0.80552429,27,1270
c12e,1700352392442907,5.3449707,1.8394731,0.80673987,28,1280
c12e,1700352393442643,5.3566241,1.830173,0.80735457,28,1290
c12e,1700352394442704,5.3511205,1.8358103,0.79863411,25,1300
c12e,1700352395443440,5.3569851,1.8362248,0.795749,27,1310
c12e,1700352396443814,5.3631225,1.8234617,0.80339772,29,1320
c12e,1700352397444014,5.3724661,1.8371272,0.80458719,28,1330
c12e,1700352398442674,5.3350444,1.8362188,0.79466474,24,1340
c12e,1700352399442636,5.351613,1.834991,0.79603505,28,1350
c12e,1700352400442719,5.3436394,1.8379861,0.78485739,24,1360
c12e,1700352401442730,5.3240509,1.8278996,0.78562635,26,1370
c12e,1700352402442694,5.3163257,1.8299192,0.80179936,30,1380
c12e,1700352403445996,5.3515735,1.833738,0.80334723,29,1390
c12e,1700352404443621,5.3504968,1.8450466,0.80208457,27,1400
c12e,1700352405442794,5.3418593,1.8390611,0.81220406,30,1410
c12e,1700352406442752,5.3415875,1.8286744,0.81893712,30,1420
c12e,1700352407442686,5.3300924,1.8208659,0.81377834,27,1430
c12e,1700352408442765,5.3517027,1.8344921,0.79360658,23,0
c12e,1700352409442679,5.3673968,1.8402374,0.795933,28,10
c12e,1700352410443594,5.3439627,1.8421012,0.79248512,25,20
c12e,1700352411443682,5.3474317,1.8335563,0.7838906,25,30
c12e,1700352412443035,5.3270464,1.8422701,0.79073411,27,40
c12e,1700352413442932,5.2962646,1.8394222,0.78826404,24,50
c12e,1700352414443568,5.2810478,1.8379915,0.79754674,28,60
c12e,1700352415442974,5.3029032,1.8305805,0.799082,28,70
c12e,1700352416442855,5.2974691,1.8363105,0.79647404,26,80
c12e,1700352417443206,5.2918835,1.8347454,0.79676574,27,90
c12e,1700352418443588,5.3065152,1.8399217,0.78534245,24,100
c12e,1700352419443598,5.3193665,1.8278399,0.8002556,30,110
c12e,1700352420443088,5.3311882,1.8302842,0.79914707,27,120
c12e,1700352421442860,5.3411241,1.8372405,0.79330492,26,130
c12e,1700352422442925,5.3345141,1.8287185,0.79574448,27,140
c12e,1700352423442785,5.3292966,1.8340545,0.78970683,25,150
c12e,1700352424443538,5.3263888,1.8366257,0.80484623,30,160
c12e,1700352425444183,5.3265619,1.8354874,0.79411024,25,170
c12e,1700352426442854,5.331429,1.839018,0.78929549,26,180
c12e,1700352427442835,5.345952,1.8305823,0.79530174,29,190
c12e,1700352428442899,5.340466,1.8347061,0.80177933,29,200
c12e,1700352429443081,5.3491511,1.8405446,0.7912854,25,210
c12e,1700352430442806,5.3670464,1.8368257,0.80906242,32,220
c12e,1700352431442925,5.356638,1.825601,0.81715375,30,230
c12e,1700352432443308,5.35674,1.8426058,0.80922592,26,240
c12e,1700352433443004,5.330555,1.8336911,0.80945873,27,250
c12e,1700352434442819,5.3458409,1.8433954,0.80344003,27,260
c12e,1700352435443280,5.3153257,1.8491249,0.78314531,21,270
c12e,1700352436443315,5.3263035,1.8455249,0.78359514,27,280
c12e,1700352437442874,5.3299861,1.8356607,0.79444343,29,290
c12e,1700352438442907,5.3061438,1.8410274,0.78449059,23,300
c12e,1700352439442918,5.3153,1.8424307,0.7754125,24,310
c12e,1700352440443666,5.2950168,1.8264872,0.79518259,30,320
c12e,1700352441443771,5.3180976,1.8263079,0.8007164,29,330
c12e,1700352442443404,5.3089323,1.8353212,0.79475611,25,340
c12e,1700352443443001,5.3337708,1.8379282,0.78523481,25,350
c12e,1700352444442956,5.3374586,1.8226945,0.79752946,30,360
c12e,1700352445442964,5.3542929,1.8234019,0.8020615,29,370
c12e,1700352446442932,5.3335338,1.8191152,0.79529017,25,380
c12e,1700352447443031,5.3362,1.8289602,0.78926992,25,390
c12e,1700352448443792,5.33215,1.8189085,0.79752278,29,400
c12e,1700352449442979,5.3438063,1.8279434,0.79090232,26,410
c12e,1700352450442947,5.3506551,1.8377047,0.78421032,25,420
c12e,1700352451443297,5.3615279,1.8486354,0.77960014,25,430
c12e,1700352452443032,5.3499584,1.8453046,0.78046978,26,440
c12e,1700352453443021,5.3263187,1.8313321,0.78976834,28,450
c12e,1700352454443016,5.3070393,1.8392015,0.79199064,26,460
c12e,1700352455444026,5.296114,1.833331,0.79893929,28,470
c12e,1700352456443358,5.3137393,1.8292779,0.79917371,28,480
c12e,1700352457443024,5.3270564,1.8328729,0.812257,31,490
c12e,1700352458442979,5.3361349,1.8297976,0.8222059,31,500
c12e,1700352459443051,5.351635,1.8397359,0.80798507,25,510
c12e,1700352460443036,5.3345,1.8424312,0.80208468,26,520
c12e,1700352461443034,5.3197041,1.8437499,0.80095541,27,530
c12e,1700352462443035,5.297483,1.8478516,0.79249012,24,540
c12e,1700352463443026,5.320538,1.8563423,0.77441597,22,550
c12e,1700352464443956,5.3255162,1.8561552,0.77276397,25,560
c12e,1700352465443097,5.3252583,1.8494639,0.77893066,27,570
c12e,1700352466443430,5.3148303,1.8314993,0.79132539,29,580
c12e,1700352467443079,5.3437176,1.8430859,0.78905106,27,590
c12e,1700352468443162,5.3387308,1.8470172,0.777554,23,600
c12e,1700352469444178,5.3369303,1.8573856,0.76871276,23,610
c12e,1700352470443268,5.3366261,1.848171,0.77846551,28,620
c12e,1700352471443791,5.3372784,1.845549,0.76622123,23,630
c12e,1700352472443140,5.3369946,1.8344133,0.7937203,32,640
c12e,1700352473443131,5.3183284,1.8377745,0.79135078,25,650
c12e,1700352474446829,5.3103943,1.8365314,0.79142684,26,660
c12e,1700352475443302,5.3100529,1.8289278,0.7935608,27,670
c12e,1700352476444283,5.3293414,1.8449553,0.79461008,28,680
c12e,1700352477443168,5.3042245,1.8312374,0.80577767,29,690
c12e,1700352478443436,5.3088045,1.8359243,0.80473584,27,700
c12e,1700352479443206,5.3005347,1.8229461,0.81705332,30,710
c12e,1700352480444490,5.3056703,1.8267493,0.80736375,26,720
c12e,1700352481443538,5.3155766,1.8310157,0.80710417,28,730
c12e,1700352482443526,5.3246093,1.8349082,0.79983556,26,740
c12e,1700352483443204,5.3198276,1.8475418,0.80098456,27,750
c12e,1700352484443174,5.3087416,1.8460953,0.79619241,25,760
c12e,1700352485443209,5.331387,1.8438693,0.79722005,28,770
c12e,1700352486443210,5.334166,1.843169,0.80855983,30,780
c12e,1700352487444002,5.331327,1.8561181,0.7827642,21,790
c12e,1700352488444494,5.3234706,1.8435484,0.77959281,25,800
c12e,1700352489444071,5.292686,1.8259097,0.79625344,29,810
c12e,1700352490444080,5.3109035,1.8236178,0.78743833,25,820
c12e,1700352491443219,5.3194079,1.8411041,0.79322588,28,830
c12e,1700352492444169,5.3143778,1.8397676,0.80120653,29,840
c12e,1700352493443404,5.2833629,1.8487711,0.78622055,22,850
c12e,1700352494443234,5.2974772,1.8497452,0.78847313,27,860
c12e,1700352495443279,5.2998362,1.8351911,0.79246372,27,870
c12e,1700352496443295,5.3058767,1.833784,0.79966259,29,880
c12e,1700352497443252,5.3162165,1.8502275,0.79839396,27,890
c12e,1700352498443694,5.3278279,1.849292,0.79884648,28,900
c12e,1700352499443342,5.3255329,1.8399321,0.79874074,27,910
c12e,1700352500444617,5.3169246,1.8228635,0.80587792,29,920
c12e,1700352501443948,5.320384,1.8421627,0.7977469,25,930
c12e,1700352502444218,5.3018284,1.8319407,0.80315369,28,940
c12e,1700352503444766,5.3148212,1.8311573,0.79487586,25,950
c12e,1700352504443336,5.3097854,1.8411251,0.79079956,25,960
c12e,1700352505443484,5.3135495,1.8374181,0.78754944,26,970
c12e,1700352506443708,5.3103037,1.8376411,0.77825719,24,980
c12e,1700352507443626,5.2953033,1.832166,0.78530437,27,990
c12e,1700352508444199,5.30271,1.8351265,0.78340942,26,1000
c12e,1700352509443648,5.3051167,1.835981,0.7963106,29,1010
c12e,1700352510443369,5.2951145,1.8249536,0.79621279,26,1020
c12e,1700352511443886,5.3146138,1.844354,0.78629231,25,1030
c12e,1700352512443462,5.3096738,1.8458427,0.77947378,24,1040
c12e,1700352513443387,5.3145862,1.8438561,0.77113837,24,1050
c12e,1700352514443674,5.3191376,1.8574029,0.74967021,20,1060
c12e,1700352515443347,5.3187537,1.8374525,0.77397484,30,1070
c12e,1700352516443528,5.3145356,1.8347464,0.7758038,26,1080
c12e,1700352517443552,5.3222704,1.8384737,0.78145564,27,1090
c12e,1700352518443434,5.3075333,1.8445351,0.765686,21,1100
c12e,1700352519444106,5.2943344,1.8483462,0.77463859,27,1110
c12e,1700352520443393,5.2871633,1.8482311,0.78478551,28,1120
c12e,1700352521444297,5.2866693,1.8465618,0.77971762,24,1130
c12e,1700352522444286,5.3022919,1.838541,0.78628188,28,1140
c12e,1700352523444376,5.3226581,1.8258665,0.79324913,29,1150
c12e,1700352524443455,5.3098297,1.8216915,0.78769386,25,1160
c12e,1700352525443741,5.3256063,1.8228236,0.80348963,31,1170
c12e,1700352526443453,5.2931924,1.8203038,0.78857523,22,1180
c12e,1700352527447710,5.3150105,1.8244758,0.76694524,21,1190
c12e,1700352528443593,5.3414912,1.8334219,0.78474265,30,1200
c12e,1700352529443579,5.332583,1.8282814,0.80672497,32,1210
c12e,1700352530445002,5.3211746,1.8323441,0.79901689,25,1220
c12e,1700352531443468,5.3323011,1.830808,0.80817521,30,1230
c12e,1700352532443472,5.3252206,1.8334416,0.80038005,25,1240
c12e,1700352533443490,5.3328729,1.8359666,0.79175144,25,1250
c12e,1700352534443496,5.3193512,1.850836,0.77566105,22,1260
c12e,1700352535443472,5.3411613,1.8480822,0.76902729,24,1270
c12e,1700352536443848,5.316956,1.8518077,0.75916624,22,1280
c12e,1700352537443480,5.3307915,1.8636783,0.76531011,26,1290
c12e,1700352538443652,5.3190174,1.8487682,0.78401512,29,1300
c12e,1700352539443583,5.3342657,1.8379029,0.78960979,28,1310
c12e,1700352540443550,5.3317771,1.8306477,0.7925961,27,1320
c12e,1700352541444371,5.32597,1.8238778,0.80141211,29,1330
c12e,1700352542443509,5.3350062,1.8302727,0.80607128,29,1340
c12e,1700352543443519,5.3282971,1.8448621,0.796744,25,1350
c12e,1700352544443504,5.3323369,1.8460485,0.78744119,25,1360
c12e,1700352545443549,5.3274822,1.8448704,0.79233813,28,1370
c12e,1700352546443544,5.3456674,1.8562317,0.78268331,25,1380
c12e,1700352547444016,5.32203,1.8549166,0.78263527,25,1390
c12e,1700352548443959,5.3054476,1.8429364,0.791321,28,1400
c12e,1700352549443632,5.3065557,1.8439896,0.78556007,25,1410
c12e,1700352550443591,5.3250346,1.8430696,0.78480762,27,1420
c12e,1700352551443962,5.3278456,1.8381057,0.78363657,26,1430
c12e,1700352552443738,5.3342257,1.8365517,0.78512418,27,0
c12e,1700352553445318,5.3263984,1.8290422,0.79503071,29,10
c12e,1700352554443631,5.3182187,1.8351203,0.80279505,29,20
c12e,1700352555443643,5.3126636,1.8381963,0.80255866,27,30
c12e,1700352556443619,5.3333964,1.855088,0.78000879,22,40
c12e,1700352557444522,5.3184624,1.8532392,0.78054196,25,50
c12e,1700352558443612,5.3273678,1.8537791,0.77499104,25,60
c12e,1700352559443936,5.3257766,1.8625942,0.755746,21,70
c12e,1700352560444231,5.3149929,1.8529593,0.76589108,27,80
c12e,1700352561443609,5.332078,1.8609056,0.75939161,24,90
c12e,1700352562443688,5.330966,1.8700399,0.75621206,24,100
c12e,1700352563443881,5.3336711,1.8561337,0.76495761,27,110
c12e,1700352564444290,5.3159781,1.8424438,0.78373426,29,120
c12e,1700352565443643,5.3109612,1.8429581,0.78925562,27,130
c12e,1700352566443628,5.305603,1.828733,0.79577708,28,140
c12e,1700352567444938,5.3199773,1.8420032,0.79103196,26,150
c12e,1700352568444566,5.3096118,1.8293883,0.7896744,26,160
c12e,1700352569443666,5.2970066,1.836233,0.77777916,23,170
c12e,1700352570444087,5.3043709,1.8337734,0.78164095,27,180
c12e,1700352571444182,5.2881737,1.8381249,0.78836256,27,190
c12e,1700352572443697,5.3004928,1.8522043,0.77472341,23,200
c12e,1700352573444720,5.2924485,1.8328593,0.78788751,28,210
c12e,1700352574444628,5.2826786,1.8197876,0.79447335,27,220
c12e,1700352575445591,5.2912917,1.825877,0.79252785,26,230
c12e,1700352576444833,5.2934093,1.8253592,0.79275048,27,240
c12e,1700352577443750,5.3232617,1.8267097,0.77885348,24,250
c12e,1700352578443822,5.3257694,1.8354442,0.77054036,24,260
c12e,1700352579443736,5.3367786,1.8222092,0.78582561,30,270
c12e,1700352580443744,5.3429379,1.8408343,0.78074378,25,280
c12e,1700352581444128,5.3364177,1.8461151,0.761099,21,290
c12e,1700352582443847,5.3430233,1.847671,0.768905,27,300
c12e,1700352583443748,5.3486133,1.8473465,0.76883388,25,310
c12e,1700352584443867,5.3384972,1.846554,0.76585382,24,320
c12e,1700352585444693,5.3397856,1.8407259,0.77309132,27,330
c12e,1700352586443948,5.3122954,1.8493984,0.7515533,19,340
c12e,1700352587445269,5.3004251,1.8556755,0.75475287,24,350
c12e,1700352588443888,5.2906594,1.8596792,0.75054342,22,360
c12e,1700352589443787,5.2997994,1.8405756,0.77423757,30,370
c12e,1700352590443766,5.2869229,1.8321563,0.78142065,27,380
c12e,1700352591443776,5.2851629,1.8302588,0.7992577,30,390
c12e,1700352592444161,5.2821989,1.8346328,0.80090415,27,400
c12e,1700352593444392,5.2852511,1.8415121,0.7982595,26,410
c12e,1700352594443801,5.2837038,1.8356304,0.79206234,25,420
c12e,1700352595443842,5.3094225,1.8448243,0.80038,29,430
c12e,1700352596445847,5.3042412,1.8425317,0.79516476,25,440
c12e,1700352597444159,5.3121352,1.8592873,0.77707207,22,450
c12e,1700352598443813,5.307591,1.8563337,0.78533155,28,460
c12e,1700352599444239,5.3053384,1.85852,0.78152364,25,470
c12e,1700352600448090,5.3308506,1.8657937,0.76392525,22,480
c12e,1700352601451664,5.340466,1.8558977,0.78375512,30,490
c12e,1700352602443873,5.352778,1.852659,0.7687813,23,500
c12e,1700352603443882,5.361558,1.8451639,0.77597159,28,510
c12e,1700352604445535,5.335433,1.8305784,0.79132891,29,520
c12e,1700352605443894,5.35174,1.8395029,0.80952144,32,530
c12e,1700352606443872,5.3520555,1.8303051,0.80854362,28,540
c12e,1700352607443927,5.3455377,1.8463806,0.79024678,23,550
c12e,1700352608443980,5.3553205,1.8440986,0.78529841,26,560
c12e,1700352609444884,5.3792987,1.8357043,0.7970553,30,570
c12e,1700352610444262,5.3534489,1.8241961,0.80923921,30,580
c12e,1700352611443918,5.3431969,1.8253896,0.78547388,22,590
c12e,1700352612443899,5.3188124,1.8332838,0.78304416,25,600
c12e,1700352613443927,5.334712,1.8322142,0.80074275,31,610
c12e,1700352614443908,5.3265862,1.8367175,0.79389989,25,620
c12e,1700352615445399,5.3111491,1.8394616,0.77780652,22,630
c12e,1700352616445226,5.3013892,1.8452232,0.77603769,25,640
c12e,1700352617443944,5.3087368,1.8419343,0.77431446,25,650
c12e,1700352618443931,5.3312511,1.836413,0.78678244,29,660
c12e,1700352619444118,5.3335843,1.8308127,0.77820438,24,670
c12e,1700352620444070,5.3583856,1.8440623,0.77529782,26,680
c12e,1700352621446730,5.3487859,1.8544587,0.76837856,24,690
c12e,1700352622444890,5.3207617,1.8389161,0.77668035,26,700
c12e,1700352623444211,5.3133526,1.8387897,0.7685591,23,710
c12e,1700352624443983,5.3212051,1.8399992,0.76244015,24,720
c12e,1700352625444413,5.3357849,1.8609236,0.75417614,23,730
c12e,1700352626444030,5.3522811,1.8630602,0.75881982,26,740
c12e,1700352627444437,5.3517632,1.8466704,0.78059083,30,750
c12e,1700352628445038,5.3354278,1.836537,0.78047204,25,760
c12e,1700352629444039,5.3325815,1.8311337,0.78969777,28,770
c12e,1700352630445299,5.367548,1.8434477,0.78050637,25,780
c12e,1700352631444931,5.3606768,1.8562654,0.76115215,21,790
c12e,1700352632444138,5.3770566,1.8441551,0.77636838,29,800
c12e,1700352633444392,5.3662443,1.8397191,0.784264,28,810
c12e,1700352634444057,5.3470516,1.8314923,0.79695958,29,820
c12e,1700352635444098,5.3499985,1.8337888,0.79788756,28,830
c12e,1700352636444106,5.3666029,1.8375108,0.80008864,28,840
c12e,1700352637444959,5.3827562,1.8292288,0.79663211,27,850
c12e,1700352638446161,5.3858776,1.8334323,0.79862463,28,860
c12e,1700352639444270,5.3508039,1.832546,0.77843714,21,870
c12e,1700352640444128,5.341073,1.8472849,0.77685612,25,880
c12e,1700352641444107,5.3393884,1.8335471,0.8007701,32,890
c12e,1700352642445024,5.343945,1.8426914,0.79297394,25,900
c12e,1700352643444450,5.3357615,1.8379288,0.79262936,27,910
c12e,1700352644444940,5.3354907,1.8293538,0.808484,31,920
c12e,1700352645444383,5.3078871,1.8218462,0.82348061,30,930
c12e,1700352646452115,5.3209181,1.8361535,0.80511969,24,940
c12e,1700352647444341,5.3261347,1.8307189,0.80163831,27,950
c12e,1700352648446772,5.3287888,1.8282588,0.81310505,30,960
c12e,1700352649444022,5.3277245,1.8329473,0.80917287,27,970
c12e,1700352650444219,5.3328013,1.8407981,0.79956412,25,980
c12e,1700352651444868,5.3322458,1.8334509,0.79297495,25,990
c12e,1700352652444278,5.3368778,1.8419317,0.77865988,23,1000
c12e,1700352653444238,5.338027,1.8409522,0.78570658,28,1010
c12e,1700352654444855,5.3202343,1.8361503,0.80006313,29,1020
c12e,1700352655444731,5.3165436,1.8440719,0.80112213,27,1030
c12e,1700352656444169,5.3007483,1.8480103,0.79147929,24,1040
c12e,1700352657444594,5.3251967,1.8280115,0.80585527,31,1050
c12e,1700352658445078,5.3210483,1.8357675,0.78879285,23,1060
c12e,1700352659444196,5.318151,1.8257349,0.81170893,32,1070
c12e,1700352660446396,5.3132582,1.8355709,0.80130666,25,1080
c12e,1700352661444778,5.336843,1.8381315,0.79597509,27,1090
c12e,1700352662444679,5.3171806,1.842063,0.80115193,28,1100
c12e,1700352663444228,5.3350186,1.853418,0.79052109,25,1110
c12e,1700352664444228,5.3248453,1.8419049,0.81362396,32,1120
c12e,1700352665444373,5.3275003,1.838778,0.81511837,29,1130
c12e,1700352666445112,5.3099527,1.8353078,0.82563037,30,1140
c12e,1700352667445128,5.2969241,1.837031,0.82741088,29,1150
c12e,1700352668444717,5.2882571,1.8367723,0.81466764,25,1160
c12e,1700352669444333,5.290122,1.8306252,0.81151652,27,1170
c12e,1700352670444264,5.3051171,1.8434954,0.79934627,25,1180
c12e,1700352671445377,5.3081541,1.8278468,0.8162967,32,1190
c12e,1700352672444287,5.2994647,1.8335561,0.8126902,27,1200
c12e,1700352673445895,5.312315,1.8427596,0.79249203,23,1210
c12e,1700352674444338,5.3309836,1.8356398,0.802712,30,1220
c12e,1700352675444267,5.312295,1.8328233,0.80037081,26,1230
c12e,1700352676444266,5.3064857,1.8364755,0.79124171,24,1240
c12e,1700352677444616,5.28801,1.8394071,0.78122145,23,1250
c12e,1700352678444737,5.3028808,1.8412261,0.78447038,27,1260
c12e,1700352679444307,5.3101358,1.8433855,0.79039162,28,1270
c12e,1700352680444360,5.3171444,1.8493921,0.7887277,26,1280
c12e,1700352681445679,5.3007116,1.8482763,0.7774334,23,1290
c12e,1700352682444712,5.3084116,1.8370165,0.78916681,29,1300
c12e,1700352683445029,5.2983274,1.8267583,0.80977523,31,1310
c12e,1700352684444515,5.290864,1.8334819,0.79532027,23,1320
c12e,1700352685445411,5.3137856,1.8395877,0.80591083,30,1330
c12e,1700352686444371,5.3133268,1.8321016,0.81727475,30,1340
c12e,1700352687444360,5.3311849,1.8341233,0.80459565,25,1350
c12e,1700352688446276,5.3333807,1.8313993,0.80030841,27,1360
c12e,1700352689444636,5.3215284,1.8266762,0.80513328,28,1370
c12e,1700352690445529,5.3257589,1.8317443,0.81664956,31,1380
c12e,1700352691444372,5.3214259,1.8340902,0.79689252,23,1390
c12e,1700352692444451,5.3295851,1.8438636,0.78727269,25,1400
c12e,1700352693444369,5.3463154,1.843639,0.78084433,25,1410
c12e,1700352694444744,5.345284,1.8480977,0.779476,26,1420
c12e,1700352695444409,5.3333173,1.8428224,0.78998458,28,1430
c12e,1700352696445916,5.32537,1.8358654,0.79177189,27,0
c12e,1700352697445296,5.3423271,1.8282305,0.79905105,29,10
c12e,1700352698445304,5.3203988,1.8302106,0.79572368,25,20
c12e,1700352699444777,5.3178887,1.8500301,0.78606272,24,30
c12e,1700352700444448,5.3383503,1.8446025,0.78668141,27,40
c12e,1700352701444587,5.360939,1.8441046,0.78752822,27,50
c12e,1700352702444422,5.3728528,1.8526877,0.77503508,24,60
c12e,1700352703444523,5.3432412,1.8448514,0.77675837,25,70
c12e,1700352704446199,5.3199587,1.856792,0.77245879,24,80
c12e,1700352705445642,5.3368564,1.8630416,0.76134431,23,90
c12e,1700352706444497,5.3495512,1.8507854,0.77337378,28,100
c12e,1700352707444474,5.3317466,1.8390362,0.78430182,28,110
c12e,1700352708446431,5.329134,1.823705,0.80182439,31,120
c12e,1700352709444526,5.347518,1.8307277,0.80432045,29,130
c12e,1700352710444819,5.3306065,1.8341743,0.78783637,23,140
c12e,1700352711445368,5.3241005,1.8353043,0.80195677,30,150
c12e,1700352712444800,5.2989392,1.8246323,0.80456358,27,160
c12e,1700352713445318,5.3047652,1.8279293,0.780662,21,170
c12e,1700352714444452,5.2898636,1.8172143,0.80874723,32,180
c12e,1700352715445182,5.2800488,1.8175108,0.80125439,25,190
c12e,1700352716444449,5.3094687,1.8348253,0.808021,30,200
c12e,1700352717444690,5.3076167,1.8342392,0.799372,25,210
c12e,1700352718444461,5.3044939,1.8404853,0.78637952,23,220
c12e,1700352719445463,5.3062062,1.8541465,0.76653767,21,230
c12e,1700352720446049,5.3101578,1.8531179,0.78127784,29,240
c12e,1700352721444508,5.2966528,1.8474342,0.78824824,27,250
c12e,1700352722444504,5.319037,1.8397663,0.788665,27,260
c12e,1700352723444619,5.3262148,1.8444515,0.765083,21,270
c12e,1700352724444525,5.3146691,1.8482009,0.75936717,23,280
c12e,1700352725449498,5.3098459,1.8561752,0.75543427,23,290
c12e,1700352726444870,5.3141866,1.8459363,0.77881134,30,300
c12e,1700352727444529,5.3231931,1.8294803,0.79565269,30,310
c12e,1700352728444644,5.3365564,1.8416905,0.80534458,30,320
c12e,1700352729445403,5.3079877,1.8382617,0.80908185,27,330
c12e,1700352730444576,5.3379626,1.844511,0.7936905,24,340
c12e,1700352731444946,5.3390155,1.831405,0.81107992,32,350
c12e,1700352732444609,5.3548627,1.8343238,0.81424445,29,360
c12e,1700352733444845,5.357337,1.8322198,0.80970711,27,370
c12e,1700352734444598,5.3712716,1.8268375,0.80808759,28,380
c12e,1700352735444924,5.3692241,1.8302673,0.80218369,27,390
c12e,1700352736444571,5.3655481,1.8447411,0.78645045,23,400
c12e,1700352737445584,5.358098,1.8350147,0.79081416,28,410
c12e,1700352738444914,5.3432508,1.8235958,0.8035394,30,420
c12e,1700352739444740,5.3489132,1.8432186,0.80368632,28,430
c12e,1700352740444684,5.3293076,1.8297471,0.80844486,28,440
c12e,1700352741444713,5.3249416,1.8407487,0.79932243,25,450
c12e,1700352742444608,5.3240652,1.8430458,0.79016012,25,460
c12e,1700352743444922,5.3032861,1.8362327,0.79272795,26,470
c12e,1700352744445713,5.312717,1.8206598,0.800421,29,480
c12e,1700352745444630,5.3221564,1.8200914,0.82706445,35,490
c12e,1700352746444664,5.3039036,1.8278217,0.81798452,26,500
c12e,1700352747444618,5.3141041,1.8318411,0.82105005,29,510
c12e,1700352748444916,5.3051643,1.8506389,0.80539083,24,520
c12e,1700352749444990,5.2948289,1.8484839,0.805951,27,530
c12e,1700352750444633,5.2891264,1.8512485,0.79812264,25,540
c12e,1700352751444878,5.2790794,1.8278819,0.8084988,29,550
c12e,1700352752448204,5.2999306,1.8310757,0.80840504,28,560
c12e,1700352753445595,5.3233428,1.8451107,0.80165786,26,570
c12e,1700352754444684,5.3178134,1.8456846,0.80744487,29,580
c12e,1700352755446832,5.3347316,1.8377964,0.80998343,29,590
c12e,1700352756444704,5.3342605,1.8270762,0.82058269,31,600
c12e,1700352757444698,5.3538032,1.8295774,0.819173,29,610
c12e,1700352758446439,5.3340421,1.8460197,0.8002367,23,620
c12e,1700352759444922,5.3229661,1.8354205,0.80394262,28,630
c12e,1700352760444832,5.3065748,1.8422576,0.78856939,23,640
c12e,1700352761444705,5.3187504,1.8432827,0.76666826,21,650
c12e,1700352762446526,5.2921939,1.8343445,0.77966821,27,660
c12e,1700352763445584,5.284555,1.8459413,0.76636052,22,670
c12e,1700352764444963,5.2960038,1.8469208,0.77292222,27,680
c12e,1700352765444682,5.2843571,1.8501589,0.77442414,25,690
c12e,1700352766444740,5.2890654,1.8487307,0.78594142,28,700
c12e,1700352767445096,5.2864304,1.8448269,0.79565769,28,710
c12e,1700352768444721,5.2986851,1.836591,0.80167645,29,720
c12e,1700352769444694,5.3076024,1.8428369,0.7973153,26,730
c12e,1700352770446910,5.29544,1.8354677,0.81425214,31,740
c12e,1700352771444700,5.3023963,1.844998,0.80325347,25,750
c12e,1700352772445154,5.2895851,1.8305849,0.81816769,30,760
c12e,1700352773445791,5.2951818,1.8465631,0.80568719,25,770
c12e,1700352774444746,5.2988591,1.8373652,0.81921673,31,780
c12e,1700352775444776,5.3306794,1.835788,0.81788784,29,790
c12e,1700352776444784,5.3313203,1.8211035,0.82054371,29,800
c12e,1700352777452511,5.3272805,1.8239248,0.81216264,26,810
c12e,1700352778444776,5.33352,1.8295745,0.79779637,24,820
c12e,1700352779445110,5.3233023,1.8355354,0.81705147,32,830
c12e,1700352780444995,5.3103805,1.8311359,0.80259824,24,840
c12e,1700352781444807,5.3055086,1.8337197,0.79283673,24,850
c12e,1700352782444800,5.3224759,1.8412575,0.80031192,29,860
c12e,1700352783444961,5.3058281,1.8503917,0.7830599,22,870
c12e,1700352784450332,5.327219,1.8597206,0.76921839,23,880
c12e,1700352785445028,5.3261967,1.8580122,0.77043539,25,890
c12e,1700352786445470,5.3065572,1.8417406,0.78965461,29,900
c12e,1700352787444778,5.30724,1.8288118,0.81443918,33,910
c12e,1700352788444852,5.3037257,1.8438369,0.80167866,24,920
c12e,1700352789445745,5.3107724,2.2990041,0.55478531,87,930
c12e,1700352790446330,5.297411,2.1753316,0.62536663,29,940
c12e,1700352791444840,5.2928014,2.0852656,0.66337866,25,950
c12e,1700352792444916,5.3023057,2.0090861,0.71177208,31,960
c12e,1700352793447031,5.3197317,1.9661278,0.7171455,23,970
c12e,1700352794444899,5.3282237,1.9225763,0.75328249,32,980
c12e,1700352795445709,5.3258991,1.9088485,0.76354218,27,990
c12e,1700352796448921,5.3337011,1.9029758,0.75072235,22,1000
c12e,1700352797444906,5.3211265,1.8868715,0.75134182,24,1010
c12e,1700352798444866,5.3246508,1.862322,0.77051377,29,1020
c12e,1700352799444904,5.3113308,1.8512853,0.77355254,25,1030
c12e,1700352800444922,5.3343267,1.8448198,0.78016472,28,1040
c12e,1700352801444902,5.3366241,1.8342994,0.78486073,27,1050
c12e,1700352802446312,5.3534303,1.8364524,0.78274894,26,1060
c12e,1700352803445351,5.3517456,1.8237563,0.79468727,29,1070
c12e,1700352804445217,5.3663936,1.8343912,0.79782093,28,1080
c12e,1700352805444943,5.3574042,1.843407,0.79554945,27,1090
c12e,1700352806445084,5.3616295,1.8448666,0.79539764,27,1100
c12e,1700352807444949,5.36144,1.8533564,0.7937358,27,1110
c12e,1700352808445149,5.3307457,1.8477608,0.81057084,30,1120
c12e,1700352809461256,5.3180151,1.8301947,0.81322652,28,1130
c12e,1700352810445095,5.2899413,1.8303865,0.80897278,25,1140
c12e,1700352811444978,5.2748861,1.8259863,0.802505,25,1150
c12e,1700352812444989,5.2703333,1.8314749,0.79821032,25,1160
c12e,1700352813445245,5.2836514,1.8237581,0.80804867,30,1170
c12e,1700352814445851,5.2943091,1.8405713,0.80636191,27,1180
c12e,1700352815445285,5.3160295,1.8238972,0.81541765,30,1190
c12e,1700352816446293,5.3151507,1.8290071,0.81830549,29,1200
c12e,1700352817445005,5.3192806,1.840909,0.79732859,23,1210
c12e,1700352818445036,5.3217053,1.8409199,0.78936762,25,1220
c12e,1700352819445230,5.322876,1.8536389,0.77107787,22,1230
c12e,1700352820445426,5.3350434,1.8373374,0.78815514,30,1240
c12e,1700352821446177,5.3316131,1.8360418,0.78179717,25,1250
c12e,1700352822445393,5.3443346,1.8312155,0.78196591,27,1260
c12e,1700352823445176,5.3550653,1.8408011,0.7878328,28,1270
c12e,1700352824445018,5.3332958,1.8237309,0.80479968,30,1280
c12e,1700352825445038,5.3271008,1.8288231,0.78704286,23,1290
c12e,1700352826445522,5.3491497,1.8493166,0.77942884,25,1300
c12e,1700352827445013,5.3385539,1.8400615,0.79058719,29,1310
c12e,1700352828445023,5.3409123,1.8505669,0.78565496,25,1320
c12e,1700352829445086,5.3520594,1.8409239,0.81079447,33,1330
c12e,1700352830444979,5.344934,1.8401877,0.79482996,24,1340
c12e,1700352831445060,5.3431091,1.8264455,0.79612035,27,1350
c12e,1700352832445373,5.3542609,1.8189549,0.79950511,28,1360
c12e,1700352833445070,5.334734,1.8253523,0.78246754,22,1370
c12e,1700352834445141,5.3106127,1.8347651,0.78117162,25,1380
c12e,1700352835446159,5.3239012,1.845723,0.79086912,29,1390
c12e,1700352836445466,5.323751,1.8359506,0.80656666,31,1400
c12e,1700352837445502,5.3196936,1.8328699,0.80100673,26,1410
c12e,1700352838445536,5.3230467,1.8255106,0.81079096,30,1420
c12e,1700352839445134,5.3361325,1.8403323,0.795188,24,1430
c12e,1700352840445308,5.3426147,1.8403542,0.78285259,24,0
c12e,1700352841445644,5.3361106,1.8369303,0.78975827,28,10
c12e,1700352842445400,5.323905,1.8388113,0.78045219,24,20
c12e,1700352843445185,5.32142,1.8351263,0.79706079,30,30
c12e,1700352844445209,5.3174224,1.8352296,0.7978766,27,40
c12e,1700352845445190,5.3000703,1.8220742,0.78943658,24,50
c12e,1700352846445885,5.3050265,1.8372171,0.77994186,24,60
c12e,1700352847445185,5.30624,1.8397001,0.7770257,25,70
c12e,1700352848445463,5.2963243,1.8439399,0.77181339,24,80
c12e,1700352849445245,5.3008327,1.8447037,0.76112986,22,90
c12e,1700352850446005,5.3057594,1.8295959,0.79467106,33,100
c12e,1700352851446570,5.3224521,1.8323101,0.79380971,27,110
c12e,1700352852445215,5.3107867,1.8323998,0.78206068,23,120
c12e,1700352853445244,5.321475,1.8484844,0.78009772,26,130
c12e,1700352854445198,5.3175755,1.825755,0.79838312,30,140
c12e,1700352855445614,5.3176675,1.8370116,0.78670013,24,150
c12e,1700352856445215,5.3210607,1.8191154,0.79728359,29,160
c12e,1700352857445868,5.3264828,1.8216875,0.80660266,30,170
c12e,1700352858445194,5.3104572,1.8199046,0.78271282,21,180
c12e,1700352859445200,5.2967381,1.8298826,0.769848,22,190
c12e,1700352860457364,5.3101792,1.8414773,0.76421279,24,200
c12e,1700352861447011,5.3199348,1.844243,0.77362674,28,210
c12e,1700352862445246,5.320025,1.8433995,0.75847286,22,220
c12e,1700352863445600,5.3125768,1.8348207,0.76469207,26,230
c12e,1700352864445192,5.3091011,1.8300236,0.78689981,30,240
c12e,1700352865446104,5.2811484,1.8225603,0.76650643,20,250
c12e,1700352866445269,5.3078585,1.8233149,0.77327687,27,260
c12e,1700352867445477,5.3055778,1.842639,0.77255952,25,270
c12e,1700352868445236,5.2935147,1.8330578,0.78869724,29,280
c12e,1700352869446064,5.3080373,1.8452878,0.78606933,26,290
c12e,1700352870445337,5.320838,1.8382325,0.78581518,27,300
c12e,1700352871445267,5.3178477,1.8456801,0.77089339,22,310
c12e,1700352872445582,5.3276663,1.8429594,0.77642864,27,320
c12e,1700352873445257,5.3122416,1.8334591,0.80544472,33,330
c12e,1700352874445304,5.32678,1.8352227,0.80391324,28,340
c12e,1700352875445307,5.32006,1.8367828,0.80126625,27,350
c12e,1700352876445430,5.3248682,1.8320037,0.8057366,29,360
c12e,1700352877445358,5.3222361,1.8387409,0.78848988,23,370
c12e,1700352878445346,5.3303924,1.8414394,0.79264104,28,380
c12e,1700352879445483,5.3089857,1.8379904,0.7983433,27,390
c12e,1700352880445501,5.3221664,1.8400946,0.78908128,25,400
c12e,1700352881446085,5.32279,1.8388758,0.78919095,27,410
c12e,1700352882445548,5.333756,1.8385612,0.79084861,27,420
c12e,1700352883445526,5.3418217,1.823814,0.80018258,29,430
c12e,1700352884445757,5.3364139,1.8370553,0.78413564,23,440
c12e,1700352885446578,5.3477592,1.8262186,0.79166806,29,450
c12e,1700352886447198,5.3608747,1.8363085,0.78406465,25,460
c12e,1700352887445591,5.3562865,1.8500148,0.7780537,25,470
c12e,1700352888445625,5.3324051,1.8304486,0.78776991,28,480
c12e,1700352889453038,5.3420091,1.8314766,0.7867294,27,490
c12e,1700352890445392,5.3412247,1.8375113,0.77818257,24,500
c12e,1700352891445547,5.3400021,1.8383604,0.77864647,26,510
c12e,1700352892445818,5.3459392,1.8486471,0.75246304,21,520
c12e,1700352893445721,5.33618,1.8373288,0.76739693,28,530
c12e,1700352894445722,5.3382306,1.8441018,0.76640904,25,540
c12e,1700352895445436,5.323575,1.847194,0.76715058,25,550
c12e,1700352896446291,5.325511,1.8478384,0.76182425,24,560
c12e,1700352897447136,5.3293138,1.8520014,0.76041436,24,570
c12e,1700352898445432,5.3318624,1.8581372,0.75174296,22,580
c12e,1700352899445888,5.3348541,1.8508675,0.7605325,27,590
c12e,1700352900445890,5.3206,1.8377569,0.78273612,30,600
c12e,1700352901445497,5.3152213,1.8423647,0.77086067,23,610
c12e,1700352902447480,5.3213859,1.836854,0.77599537,27,620
c12e,1700352903446359,5.31886,1.8446621,0.75585955,20,630
c12e,1700352904446640,5.3207817,1.8371338,0.763259,26,640
c12e,1700352905446333,5.325923,1.8278522,0.77522373,28,650
c12e,1700352906445707,5.3411932,1.848015,0.766375,24,660
c12e,1700352907445521,5.3301768,1.847822,0.75770742,22,670
c12e,1700352908445838,5.3373532,1.8416392,0.76846719,28,680
c12e,1700352909445827,5.3243432,1.8401128,0.76360613,23,690
c12e,1700352910446859,5.3204169,1.8316925,0.77865964,29,700
c12e,1700352911445578,5.3004179,1.8233913,0.790146,28,710
c12e,1700352912445562,5.2850537,1.8252439,0.80178267,29,720
c12e,1700352913445927,5.2979388,1.8183873,0.81529826,31,730
c12e,1700352914445711,5.2774525,1.812723,0.8159762,27,740
c12e,1700352915445578,5.2862306,1.8169742,0.81773514,29,750
c12e,1700352916446397,5.2975597,1.8179139,0.81934977,29,760
c12e,1700352917445594,5.3084722,1.8207642,0.81921446,29,770
c12e,1700352918459710,5.3084288,1.8404922,0.8244158,30,780
c12e,1700352919445875,5.31241,1.8406621,0.81963646,28,790
c12e,1700352920445862,5.3128066,1.8392764,0.80084813,23,800
c12e,1700352921445572,5.3045068,1.843575,0.79297996,25,810
c12e,1700352922445715,5.295815,1.8401725,0.78850245,25,820
c12e,1700352923445933,5.3138294,1.8424733,0.79621828,29,830
c12e,1700352924445898,5.3344622,1.8347003,0.80828553,31,840
c12e,1700352925446193,5.3367152,1.8303874,0.80690038,28,850
c12e,1700352926445653,5.3411856,1.8329906,0.80942857,29,860
c12e,1700352927447457,5.3273082,1.8365952,0.79046303,22,870
c12e,1700352928445966,5.3370047,1.8360401,0.77728289,23,880
c12e,1700352929445877,5.3598876,1.8428205,0.7795077,27,890
c12e,1700352930450587,5.3377767,1.8396277,0.7822395,26,900
c12e,1700352931445648,5.3277311,1.8379182,0.79005325,28,910
c12e,1700352932445832,5.32334,1.8461545,0.78267586,24,920
c12e,1700352933445984,5.3293591,1.8411547,0.78656352,27,930
c12e,1700352934446100,5.3415565,1.8395014,0.78954393,28,940
c12e,1700352935445762,5.3351145,1.8465769,0.78304636,25,950
c12e,1700352936446552,5.3643074,1.8499061,0.78444576,27,960
c12e,1700352937445772,5.347599,1.83828,0.78978825,27,970
c12e,1700352938445968,5.3531294,1.8236293,0.80127639,30,980
c12e,1700352939446068,5.3205066,1.8261324,0.7980665,25,990
c12e,1700352940445750,5.3106713,1.8329744,0.79571241,26,1000
c12e,1700352941448866,5.3021135,1.8293747,0.80410278,29,1010
c12e,1700352942446614,5.3128057,1.8344569,0.8086375,29,1020
c12e,1700352943446568,5.3086481,1.8428411,0.80596036,27,1030
c12e,1700352944445856,5.3110695,1.8292557,0.80613548,28,1040
c12e,1700352945446214,5.3169131,1.8380737,0.79968226,26,1050
c12e,1700352946446416,5.3223343,1.8272635,0.81265104,31,1060
c12e,1700352947446223,5.3219342,1.8351516,0.80897611,27,1070
c12e,1700352948448140,5.3134036,1.8280212,0.81156772,28,1080
c12e,1700352949446034,5.3290672,1.835521,0.80834824,28,1090
c12e,1700352950445763,5.3257837,1.8376509,0.79326755,24,1100
c12e,1700352951445960,5.3243575,1.850402,0.78089887,23,1110
c12e,1700352952445714,5.3443608,2.2982893,0.55196267,87,1120
c12e,1700352953445721,5.3395157,2.189147,0.60840666,26,1130
c12e,1700352954446044,5.3470812,2.0969253,0.66310948,29,1140
c12e,1700352955445754,5.3482761,2.027878,0.71071029,31,1150
c12e,1700352956446037,5.3336329,1.968853,0.73485434,27,1160
c12e,1700352957446264,5.5601268,1.9194207,0.79899895,49,1170
c12e,1700352958446014,5.5188556,1.9054649,0.80040979,28,1180
c12e,1700352959446578,5.4768157,1.8740072,0.80583453,29,1190
c12e,1700352960446682,5.4139805,1.872803,0.7935248,23,1200
c12e,1700352961446034,5.3901129,1.8501858,0.7928881,26,1210
c12e,1700352962447423,5.3683825,1.8487508,0.79978943,28,1220
c12e,1700352963447284,5.3435388,1.8404723,0.80451715,28,1230
c12e,1700352964450608,5.3187566,1.8274369,0.7906943,23,1240
c12e,1700352965447219,5.3127074,1.8339025,0.78765106,25,1250
c12e,1700352966445752,5.3201776,1.8356087,0.77971768,24,1260
c12e,1700352967445982,5.3207917,1.8399351,0.78420275,27,1270
c12e,1700352968447033,5.3114557,1.84257,0.77838379,24,1280
c12e,1700352969447118,5.3053493,1.8271835,0.79779345,30,1290
c12e,1700352970445892,5.3228588,1.8363869,0.7863673,24,1300
c12e,1700352971446020,5.3030491,1.8211291,0.79986733,29,1310
c12e,1700352972446050,5.3334007,1.8345888,0.79653287,27,1320
c12e,1700352973445867,5.3191776,1.8342402,0.80569696,29,1330
c12e,1700352974446152,5.3093739,1.8457366,0.79469126,24,1340
c12e,1700352975450802,5.2991943,1.8353395,0.80474079,29,1350
c12e,1700352976446470,5.2864957,1.8356299,0.81222659,29,1360
c12e,1700352977445846,5.3231149,1.8491687,0.79889411,25,1370
c12e,1700352978446684,5.3159561,1.8328869,0.81588089,31,1380
c12e,1700352979445897,5.3146276,1.8394182,0.79432172,22,1390
c12e,1700352980445872,5.3220935,1.8345375,0.78372079,24,1400
c12e,1700352981445918,5.3214417,1.8324515,0.776611,24,1410
c12e,1700352982446178,5.3104377,1.8317883,0.7739324,24,1420
c12e,1700352983447037,5.2990932,1.8255817,0.7863313,28,1430
c12e,1700352984446178,5.3097105,1.8294175,0.79046816,28,0
c12e,1700352985446098,5.3068829,1.8368516,0.78732711,25,10
c12e,1700352986445856,5.3047533,1.8221495,0.80502838,31,20
c12e,1700352987447166,5.332078,1.8272918,0.79378837,25,30
c12e,1700352988446918,5.3481054,1.8407258,0.80045629,29,40
c12e,1700352989445874,5.3464184,1.8268719,0.80218655,28,50
c12e,1700352990447330,5.3691945,1.8433726,0.78650069,24,60
c12e,1700352991446887,5.3360362,1.8344524,0.80326539,30,70
c12e,1700352992446724,5.3294497,1.8435348,0.79844391,26,80
c12e,1700352993445916,5.3301854,1.8406863,0.79496193,26,90
c12e,1700352994446262,5.3226171,1.8445594,0.79553771,27,100
c12e,1700352995445965,5.3017015,1.8389031,0.802826,28,110
c12e,1700352996447597,5.294035,1.8360072,0.80667931,28,120
c12e,1700352997448945,5.3186879,1.8362813,0.79549259,25,130
c12e,1700352998447290,5.3126221,1.8308798,0.7864272,24,140
c12e,1700352999445985,5.3097954,1.8357394,0.79502106,28,150
c12e,1700353000446554,5.3245735,1.8247641,0.81324542,32,160
c12e,1700353001446008,5.3160763,1.8326514,0.8076722,26,170
c12e,1700353002446133,5.3170137,1.8406905,0.79359061,24,180
c12e,1700353003446351,5.330235,1.8443114,0.78047538,24,190
c12e,1700353004446761,5.3170753,1.8399034,0.77198821,23,200
c12e,1700353005447943,5.3039703,1.8403606,0.76329917,22,210
c12e,1700353006446017,5.3361707,1.837975,0.7699331,27,220
c12e,1700353007446154,5.3227439,1.8330437,0.778524,27,230
c12e,1700353008446694,5.3402586,1.8341315,0.79005867,29,240
c12e,1700353009446052,5.3434844,1.836518,0.79190147,27,250
c12e,1700353010446974,5.3340287,1.8347766,0.79007274,26,260
c12e,1700353011446622,5.3430705,1.8398757,0.79337293,28,270
c12e,1700353012445958,5.3275495,1.8418127,0.79416662,27,280
c12e,1700353013445974,5.3232713,1.8344432,0.80349135,29,290
c12e,1700353014449568,5.3098226,1.8363165,0.80425841,27,300
c12e,1700353015447134,5.3085523,1.8352642,0.7829712,22,310
c12e,1700353016446540,5.3208361,1.8551061,0.77684617,25,320
c12e,1700353017446693,5.3239813,1.8370101,0.78773779,29,330
c12e,1700353018446090,5.325151,1.8222407,0.80818158,32,340
c12e,1700353019448817,5.3241539,1.817283,0.79494947,24,350
c12e,1700353020446090,5.3136277,1.8255711,0.77688885,22,360
c12e,1700353021446440,5.296144,1.8334273,0.77866429,25,370
c12e,1700353022446174,5.3050289,1.8404943,0.76662105,23,380
c12e,1700353023446105,5.3053412,1.8369367,0.76042634,23,390
c12e,1700353024446134,5.2810597,1.8413404,0.76528239,24,400
c12e,1700353025446125,5.2927947,1.8501827,0.75577629,22,410
c12e,1700353026446656,5.3199644,1.8359629,0.76794392,28,420
c12e,1700353027447302,5.2995157,1.826014,0.79132879,30,430
c12e,1700353028446158,5.3018103,1.8350168,0.77693933,23,440
c12e,1700353029446446,5.2960038,1.851578,0.76841491,23,450
c12e,1700353030446167,5.2897396,1.8447901,0.78187656,28,460
c12e,1700353031446604,5.3125067,1.8414433,0.77912486,26,470
c12e,1700353032446162,5.3104949,1.848819,0.7747004,24,480
c12e,1700353033446180,5.2980242,1.8508013,0.77619058,25,490
c12e,1700353034446170,5.3103209,1.8519753,0.76235712,22,500
c12e,1700353035447264,5.3270583,1.840421,0.78139359,30,510
c12e,1700353036446228,5.3241673,1.840696,0.80173886,31,520
c12e,1700353037446540,5.3236947,1.8408301,0.80468577,28,530
c12e,1700353038446446,5.3272042,1.839402,0.804368,28,540
c12e,1700353039446205,5.3271618,1.8319323,0.81755394,31,550
c12e,1700353040447356,5.3044429,1.8359907,0.8027038,23,560
c12e,1700353041446237,5.2922726,1.8256841,0.7984935,25,570
c12e,1700353042447314,5.3267817,1.8313805,0.79831707,28,580
c12e,1700353043448159,5.29538,1.840917,0.79118258,24,590
c12e,1700353044446265,5.30897,1.8482395,0.78797078,26,600
c12e,1700353045446339,5.3240666,1.845538,0.78205693,25,610
c12e,1700353046446749,5.330152,1.845845,0.79498023,30,620
c12e,1700353047447615,5.31143,1.8325539,0.80565369,29,630
c12e,1700353048447183,5.2951756,1.8238343,0.79821694,25,640
c12e,1700353049447068,5.5310287,1.8267988,0.85295838,49,650
c12e,1700353050446506,5.4552665,1.8277985,0.84347481,27,660
c12e,1700353051446455,5.4209752,1.826818,0.84014833,29,670
c12e,1700353052446580,5.3902636,1.8326913,0.82753158,26,680
c12e,1700353053447035,5.3605666,1.8379325,0.82219589,27,690
c12e,1700353054446569,5.35535,1.8247106,0.81460994,27,700
c12e,1700353055446937,5.3560567,1.8271652,0.797536,24,710
c12e,1700353056446347,5.3451705,1.8314581,0.80489427,29,720
c12e,1700353057446366,5.344254,1.8419794,0.78408217,22,730
c12e,1700353058451238,5.3421159,1.8255755,0.78718138,27,740
c12e,1700353059446532,5.3423696,1.825044,0.79503191,29,750
c12e,1700353060446328,5.3379121,1.8194814,0.79274136,26,760
c12e,1700353061446672,5.32173,1.8287536,0.79900551,28,770
c12e,1700353062446604,5.3641047,1.8312795,0.7989735,28,780
c12e,1700353063446352,5.3476782,1.8382481,0.79370612,25,790
c12e,1700353064448069,5.3492608,1.8447187,0.80354208,30,800
c12e,1700353065446406,5.3319154,1.8498853,0.7920841,24,810
c12e,1700353066446419,5.3405557,1.8453641,0.79499727,28,820
c12e,1700353067446372,5.3327556,1.8450935,0.7951833,27,830
c12e,1700353068446483,5.3442664,1.8392762,0.76727068,21,840
c12e,1700353069447089,5.3278308,1.8377361,0.7816546,28,850
c12e,1700353070449076,5.3036957,1.8285605,0.78393096,25,860
c12e,1700353071446443,5.322104,1.8463368,0.77407444,24,870
c12e,1700353072446430,5.3149443,1.8525512,0.76556438,23,880
c12e,1700353073446856,5.3424935,1.851516,0.75252259,22,890
c12e,1700353074446410,5.3299794,1.8512355,0.76204932,26,900
c12e,1700353075447844,5.3084931,1.8342811,0.77257669,26,910
c12e,1700353076446804,5.3154092,1.8433039,0.77641737,27,920
c12e,1700353077446388,5.3263559,1.8455739,0.77854389,27,930
c12e,1700353078446327,5.3600106,1.8498758,0.77223659,25,940
c12e,1700353079446480,5.3597846,1.8722821,0.75552583,21,950
c12e,1700353080446420,5.3599553,1.8512549,0.77083606,29,960
c12e,1700353081447948,5.3363414,1.8415517,0.77604216,26,970
c12e,1700353082446411,5.3082247,1.848497,0.76164144,21,980
c12e,1700353083446468,5.2963538,1.8353316,0.78541857,30,990
c12e,1700353084446487,5.3046637,1.8456492,0.77465022,23,1000
c12e,1700353085446900,5.2887444,1.8448491,0.7900452,29,1010
c12e,1700353086449292,5.3053775,1.8357223,0.78991663,27,1020
c12e,1700353087446454,5.3014345,1.832864,0.80115634,29,1030
c12e,1700353088446548,5.2892995,1.8381264,0.7993533,26,1040
c12e,1700353089446440,5.2810545,1.8354175,0.79685897,26,1050
c12e,1700353090446795,5.2897606,1.8442584,0.78756487,24,1060
c12e,1700353091446477,5.2959342,1.8354983,0.79539543,28,1070
c12e,1700353092447404,5.3035359,1.8361721,0.79681331,27,1080
c12e,1700353093447636,5.305263,1.8382272,0.80643666,29,1090
c12e,1700353094446808,5.2971187,1.8355249,0.81331021,29,1100
c12e,1700353095446508,5.3077836,1.8442165,0.8088066,27,1110
c12e,1700353096446644,5.2845483,1.8409243,0.8130998,28,1120
c12e,1700353097446530,5.2887959,1.8282628,0.83442134,33,1130
c12e,1700353098448422,5.2941613,1.839659,0.81498581,24,1140
c12e,1700353099448302,5.2964659,1.832016,0.81046176,27,1150
c12e,1700353100446607,5.2928238,1.8373994,0.82092959,30,1160
c12e,1700353101446853,5.3139267,1.8345585,0.82427794,30,1170
c12e,1700353102446558,5.3248277,1.8478831,0.8106423,25,1180
c12e,1700353103447080,5.3316979,1.8308936,0.81744957,30,1190
c12e,1700353104446946,5.3491158,1.8383468,0.7937935,23,1200
c12e,1700353105447456,5.3453331,1.836814,0.79534531,27,1210
c12e,1700353106447710,5.3517275,1.8369814,0.79143023,26,1220
c12e,1700353107446576,5.3690329,1.8347552,0.79222482,28,1230
c12e,1700353108446584,5.3604946,1.8414667,0.78437245,25,1240
c12e,1700353109447322,5.3544154,1.8442782,0.78524846,27,1250
c12e,1700353110446646,5.3453732,1.8296192,0.79160595,28,1260
c12e,1700353111447654,5.3417263,1.8404979,0.80579072,30,1270
c12e,1700353112446704,5.3345652,1.8348054,0.80218059,27,1280
c12e,1700353113446661,5.32958,1.8335147,0.80531824,28,1290
c12e,1700353114446707,5.3285704,1.8494833,0.79265654,24,1300
c12e,1700353115447141,5.333168,1.8444207,0.79900229,29,1310
c12e,1700353116446922,5.3391004,1.85009,0.7985031,27,1320
c12e,1700353117446658,5.3116527,1.8386673,0.80360836,27,1330
c12e,1700353118446694,5.3038096,1.8321478,0.80786276,28,1340
c12e,1700353119446667,5.3023958,1.8277873,0.797493,25,1350
c12e,1700353120446728,5.2835937,1.8173662,0.79313231,25,1360
c12e,1700353121447160,5.2967868,1.8195575,0.78889734,26,1370
c12e,1700353122447584,5.3356967,1.8340766,0.783016,26,1380
c12e,1700353123446683,5.3201122,1.8484843,0.79176646,28,1390
c12e,1700353124446674,5.3052697,1.835322,0.80801237,30,1400
c12e,1700353125446782,5.3103609,1.8515922,0.79371989,24,1410
c12e,1700353126447422,5.3086238,1.8549826,0.77227324,21,1420
c12e,1700353127446790,5.3113809,1.8641024,0.7700004,25,1430
c12e,1700353128447582,100,100,100,0,0
c12e,1700353129446750,5.3386083,1.8558614,0.78108519,29,10
c12e,1700353130446698,5.3303242,1.8588551,0.78688866,27,20
c12e,1700353131446741,5.3071132,1.8659579,0.76722348,20,30
c12e,1700353132447039,5.3029909,1.8605942,0.77118993,26,40
c12e,1700353133446731,5.3186212,1.862956,0.76862133,25,50
c12e,1700353134447778,5.3123641,1.8466145,0.778101,27,60
c12e,1700353135447600,5.31201,1.8386965,0.78445619,27,70
c12e,1700353136446947,5.3002505,1.8278064,0.79226983,28,80
c12e,1700353137447165,5.2875314,1.8153812,0.80297446,29,90
c12e,1700353138446752,5.29493,1.8188826,0.79793614,26,100
c12e,1700353139447179,5.3163152,1.8242394,0.79408967,27,110
c12e,1700353140446842,5.3146815,1.8366164,0.79058564,26,120
c12e,1700353141448751,5.3081536,1.8490928,0.7677083,20,130
c12e,1700353142446765,5.2984624,1.8465743,0.77841848,27,140
c12e,1700353143446758,5.3028326,1.8292555,0.79158545,29,150
c12e,1700353144446786,5.3187,1.8364942,0.77620405,23,160
c12e,1700353145450946,5.3219337,1.8332742,0.78719765,29,170
c12e,1700353146452380,5.3361158,1.8431464,0.78317815,26,180
c12e,1700353147446778,5.3366919,1.8425716,0.78037471,25,190
c12e,1700353148446781,5.3623633,1.8476685,0.78753471,29,200
c12e,1700353149446926,5.3537941,1.8467668,0.79282713,28,210
c12e,1700353150447741,5.3432655,1.848338,0.78856832,25,220
c12e,1700353151446862,5.3309608,1.8422258,0.79001743,27,230
c12e,1700353152446872,5.3205619,1.8524276,0.78350616,24,240
c12e,1700353153447036,5.3124404,1.8431392,0.78945327,27,250
c12e,1700353154446783,5.3215966,1.8396413,0.79454881,28,260
c12e,1700353155446776,5.3280692,1.8458569,0.77327996,21,270
c12e,1700353156446844,5.3005276,1.8332864,0.78236073,26,280
c12e,1700353157447042,5.2986412,1.8493878,0.780573,25,290
c12e,1700353158447562,5.2858748,1.8290911,0.78143257,25,300
c12e,1700353159447576,5.26912,1.8324885,0.79033136,27,310
c12e,1700353160449457,5.2727947,1.8429327,0.78105277,24,320
c12e,1700353161447650,5.2648926,1.8344816,0.77029717,22,330
c12e,1700353162447620,5.2865481,1.8456126,0.77324134,26,340
c12e,1700353163446812,5.285542,1.8453897,0.783951,28,350
c12e,1700353164446906,5.277987,1.8291391,0.78943872,27,360
c12e,1700353165447169,5.2699962,1.825196,0.80494666,30,370
c12e,1700353166446839,5.2869968,1.8298644,0.80159754,27,380
c12e,1700353167446823,5.2826104,1.8299316,0.80086964,27,390
c12e,1700353168446820,5.30463,1.8340757,0.81442887,31,400
c12e,1700353169446857,5.3137436,1.8234156,0.81661832,29,410
c12e,1700353170447710,5.3043966,1.8093721,0.8012796,24,420
c12e,1700353171448140,5.3093419,1.8158678,0.80427456,28,430
c12e,1700353172446863,5.3321295,1.8307787,0.79063576,24,440
c12e,1700353173447728,5.3008475,1.8257091,0.7969588,27,450
c12e,1700353174446946,5.3124895,1.8258206,0.79727578,27,460
c12e,1700353175446934,5.3227472,1.8332174,0.79338455,26,470
c12e,1700353176446856,5.3064003,1.8450519,0.78648937,24,480
c12e,1700353177448184,5.3170114,1.8440096,0.79430449,29,490
c12e,1700353178451073,5.3214936,1.8360482,0.80668044,30,500
c12e,1700353179447270,5.3261876,1.8438876,0.7989226,26,510
c12e,1700353180447434,5.32111,1.8223073,0.81250179,30,520
c12e,1700353181447546,5.3132949,1.8322712,0.81707126,29,530
c12e,1700353182447040,5.30412,1.8273414,0.81613696,28,540
c12e,1700353183446914,5.295239,1.8237648,0.82382834,30,550
c12e,1700353184446966,5.305491,1.8273181,0.8138625,26,560
c12e,1700353185447008,5.2996864,1.8331405,0.81842333,29,570
c12e,1700353186447336,5.3090339,1.8335525,0.79913211,23,580
c12e,1700353187447027,5.2975936,1.8475339,0.78763533,23,590
c12e,1700353188447101,5.2899995,1.8550578,0.773033,22,600
c12e,1700353189447382,5.2987523,1.8487499,0.79510564,31,610
c12e,1700353190446990,5.2847075,1.8344145,0.784682,23,620
c12e,1700353191448340,5.304966,1.843995,0.79343313,29,630
c12e,1700353192447896,5.3017292,1.8360329,0.79377449,27,640
c12e,1700353193447173,5.308023,1.8440028,0.76489943,20,650
c12e,1700353194447324,5.3093162,1.8418483,0.77148253,27,660
c12e,1700353195447074,5.3286476,1.8321081,0.79100823,31,670
c12e,1700353196448408,5.3511853,1.8377028,0.79095352,27,680
c12e,1700353197447069,5.3534307,1.8319212,0.8003177,29,690
c12e,1700353198447144,5.3359966,1.8249505,0.81027079,29,700
c12e,1700353199447052,5.3145533,1.8455735,0.79861224,24,710
c12e,1700353200447068,5.302372,1.8476148,0.800772,27,720
c12e,1700353201448745,5.3144746,1.8444653,0.80495805,29,730
c12e,1700353202447889,5.3053803,1.8350934,0.81299335,29,740
c12e,1700353203447077,5.2968163,1.8338748,0.81330168,28,750
c12e,1700353204447112,5.321312,1.8398533,0.79751456,24,760
c12e,1700353205447383,5.2971745,1.8230039,0.80624717,28,770
c12e,1700353206447513,5.3132839,1.8236806,0.79599768,25,780
c12e,1700353207448897,5.2897258,1.8284066,0.79528672,25,790
c12e,1700353208447930,5.3171911,1.8386728,0.7916469,27,800
c12e,1700353209447965,5.3217864,1.8290272,0.79671222,28,810
c12e,1700353210447168,5.3493581,2.2599859,0.56657869,87,820
c12e,1700353211447110,5.3387828,2.1413319,0.62212384,26,830
c12e,1700353212447176,5.3296766,2.0444942,0.67303741,29,840
c12e,1700353213447429,5.3205776,1.9996729,0.69170934,23,850
c12e,1700353214447510,5.351265,1.9611065,0.72294837,29,860
c12e,1700353215447159,5.3452816,1.9384841,0.73171842,24,870
c12e,1700353216447342,5.3066711,1.9116452,0.74674684,25,880
c12e,1700353217447941,5.3069391,1.8947977,0.75513607,26,890
c12e,1700353218448068,5.3044057,1.8728266,0.77882242,30,900
c12e,1700353219447287,5.2967138,1.8432195,0.79182297,29,910
c12e,1700353220448057,5.2950916,1.8435606,0.79556394,27,920
c12e,1700353221447222,5.2834072,1.8320522,0.78860217,24,930
c12e,1700353222447184,5.2974553,1.8439288,0.77193505,22,940
c12e,1700353223447534,5.3136244,1.8402145,0.78497118,29,950
c12e,1700353224448034,5.3006496,1.8310057,0.78194529,25,960
c12e,1700353225447300,5.2976923,1.8395507,0.78329819,26,970
c12e,1700353226447242,5.2951756,1.8328294,0.79630244,29,980
c12e,1700353227447214,5.3009953,1.8334814,0.80075639,28,990
c12e,1700353228447979,5.3008537,1.8472803,0.79501241,25,1000
c12e,1700353229447345,5.2997642,1.8420914,0.78596163,24,1010
c12e,1700353230448508,5.3111582,1.8304126,0.81232196,33,1020
c12e,1700353231448086,5.3246012,1.8462057,0.8034175,26,1030
c12e,1700353232448219,5.3111606,1.8348536,0.80420929,27,1040
c12e,1700353233447438,5.3175945,1.833362,0.79040557,24,1050
c12e,1700353234448629,5.3090286,1.8428197,0.78792924,25,1060
c12e,1700353235448636,5.2958736,1.8396684,0.78730041,25,1070
c12e,1700353236448103,5.3179955,1.8240764,0.80809474,32,1080
c12e,1700353237447259,5.3087883,1.8314325,0.80323356,26,1090
c12e,1700353238448066,5.334909,1.834972,0.78193778,22,1100
c12e,1700353239447380,5.3075194,1.8442543,0.78048766,24,1110
c12e,1700353240448123,5.3130655,1.8493662,0.76901418,23,1120
c12e,1700353241461358,5.3312716,1.849295,0.77519083,27,1130
c12e,1700353242447426,5.3030777,1.841729,0.7817145,26,1140
c12e,1700353243447241,5.3079743,1.8334749,0.78280479,26,1150
c12e,1700353244447695,5.3234291,1.8478284,0.77244514,24,1160
c12e,1700353245447253,5.321063,1.8418891,0.7910555,30,1170
c12e,1700353246453044,5.3391757,1.8465945,0.79153806,27,1180
c12e,1700353247447340,5.3165326,1.8410839,0.79434425,27,1190
c12e,1700353248447674,5.3314452,1.8358004,0.7964381,28,1200
c12e,1700353249447258,5.3350191,1.8326366,0.79400039,27,1210
c12e,1700353250447364,5.3383422,1.8383477,0.78526282,25,1220
c12e,1700353251448210,5.3261914,1.8296664,0.79271221,28,1230
c12e,1700353252448078,5.3220048,1.8421406,0.79349858,27,1240
c12e,1700353253447352,5.315145,1.8283195,0.81080067,31,1250
c12e,1700353254448210,5.3086228,1.8330976,0.7990641,24,1260
c12e,1700353255447365,5.3073349,1.8344541,0.80044341,27,1270
c12e,1700353256447520,5.309598,1.840573,0.78253251,22,1280
c12e,1700353257447470,5.2952867,1.8350627,0.78543651,26,1290
c12e,1700353258447348,5.3058157,1.8416687,0.7929101,28,1300
c12e,1700353259447518,5.2999115,1.8336486,0.79876375,28,1310
c12e,1700353260448456,5.3209233,1.8287324,0.79955977,28,1320
c12e,1700353261447896,5.3116112,1.8334132,0.78506458,23,1330
c12e,1700353262447428,5.2982826,1.8340948,0.78702188,26,1340
c12e,1700353263447390,5.3237438,1.8356333,0.79924732,30,1350
c12e,1700353264448093,5.33975,1.8170798,0.802012,28,1360
c12e,1700353265447442,5.3331561,1.8231193,0.79734612,26,1370
c12e,1700353266447872,5.3128676,1.8397502,0.78682941,23,1380
c12e,1700353267448379,5.3271065,1.8229712,0.81847894,35,1390
c12e,1700353268448938,5.3090038,1.8292255,0.81225473,26,1400
c12e,1700353269448513,5.3186483,1.8343223,0.80676115,27,1410
c12e,1700353270448189,5.2876415,1.8180327,0.80596006,26,1420
c12e,1700353271448200,5.3053741,1.8295971,0.7872085,23,1430
c12e,1700353272447527,5.2880964,1.8357321,0.78384417,24,0
c12e,1700353273449141,5.3125992,1.8347659,0.80225086,32,10
c12e,1700353274447510,5.308516,1.8401321,0.79918748,26,20
c12e,1700353275449485,5.2973213,1.8428119,0.80428618,28,30
c12e,1700353276447995,5.300096,1.8453774,0.78954011,23,40
c12e,1700353277447855,5.3014503,1.8473234,0.79222858,27,50
c12e,1700353278447486,5.3077025,1.8384049,0.79152536,27,60
c12e,1700353279447974,5.3062396,1.8384219,0.79091519,26,70
c12e,1700353280447634,5.3232784,1.8418602,0.790939,27,80
c12e,1700353281447828,5.3264308,1.8467776,0.793135,27,90
c12e,1700353282447778,5.31766,1.8491582,0.780891,23,100
c12e,1700353283456999,5.3252711,1.8362817,0.79923117,31,110
c12e,1700353284448115,5.3204927,1.8289316,0.81352186,31,120
c12e,1700353285448639,5.3115516,1.8343283,0.81009996,27,130
c12e,1700353286447462,5.3127708,1.8479397,0.79173732,23,140
c12e,1700353287447522,5.3060741,1.845677,0.80166441,29,150
c12e,1700353288460220,5.3271308,1.847242,0.79468906,26,160
c12e,1700353289447464,5.3256035,1.8313837,0.81366247,32,170
c12e,1700353290447829,5.3261337,1.8404636,0.7949242,23,180
c12e,1700353291448011,5.3346953,1.8310537,0.80132878,29,190
c12e,1700353292447528,5.3384356,1.8268448,0.79658347,26,200
c12e,1700353293447481,5.3513217,1.8428568,0.77466214,22,210
c12e,1700353294447570,5.3459382,1.8358529,0.78513044,28,220
c12e,1700353295447900,5.3224163,1.8256583,0.78944749,26,230
c12e,1700353296447576,5.3146977,1.8318654,0.80170655,29,240
c12e,1700353297447965,5.31776,1.8255702,0.81658286,31,250
c12e,1700353298448315,5.3092747,1.837744,0.80074137,24,260
c12e,1700353299447592,5.3000174,1.8379613,0.78356737,22,270
c12e,1700353300447688,5.2969875,1.8308473,0.79150474,28,280
c12e,1700353301448372,5.2947378,1.8262321,0.79645383,28,290
c12e,1700353302448028,5.2972121,1.8220626,0.80645168,29,300
c12e,1700353303447748,5.303546,1.8334445,0.80525345,27,310
c12e,1700353304451124,5.3194118,1.8374143,0.79896623,26,320
c12e,1700353305448103,5.3186655,1.8465272,0.782397,23,330
c12e,1700353306448522,5.3202176,1.8624043,0.76218212,21,340
c12e,1700353307447946,5.3199358,1.8533982,0.76629585,26,350
c12e,1700353308447686,5.3343768,1.8679941,0.75706047,23,360
c12e,1700353309449560,5.3438578,1.8767571,0.7473892,22,370
c12e,1700353310447835,5.3291569,1.8438511,0.76479471,28,380
c12e,1700353311447578,5.31412,1.8367975,0.77827108,28,390
c12e,1700353312448589,5.309763,1.8220333,0.79426718,30,400
c12e,1700353313448583,5.3041439,1.8276385,0.78383386,24,410
c12e,1700353314447786,5.2931552,1.8341841,0.78995961,27,420
c12e,1700353315447857,5.29948,1.8344975,0.79599929,28,430
c12e,1700353316447788,5.2918243,1.8312836,0.80567282,29,440
c12e,1700353317447987,5.3108768,1.8372676,0.82319194,33,450
c12e,1700353318447941,5.3203478,1.8500119,0.80238181,23,460
c12e,1700353319450546,5.309154,1.8486832,0.7962572,25,470
c12e,1700353320449082,5.313683,1.8497162,0.7866863,24,480
c12e,1700353321447638,5.3062706,1.8382136,0.79403007,28,490
c12e,1700353322448926,5.3200183,1.8365923,0.79072523,26,500
c12e,1700353323447702,5.3093829,1.8271433,0.81150216,32,510
c12e,1700353324449838,5.3007555,1.8286374,0.81300116,28,520
c12e,1700353325447671,5.3176293,1.826512,0.812627,28,530
c12e,1700353326448324,5.3177695,1.8435442,0.79550421,23,540
c12e,1700353327448836,5.3069634,1.8328727,0.80008709,28,550
c12e,1700353328457809,5.3238149,1.8487443,0.79495931,26,560
c12e,1700353329447746,5.3212652,1.845371,0.7881521,25,570
c12e,1700353330449862,5.3070078,1.8430095,0.78317982,24,580
c12e,1700353331448800,5.3235455,1.8475181,0.77835947,25,590
c12e,1700353332449948,5.3196397,1.8481748,0.77688742,25,600
c12e,1700353333448252,5.3128767,1.8225012,0.79057741,29,610
c12e,1700353334447785,5.33319,1.8313211,0.78628445,26,620
c12e,1700353335448182,5.3468313,1.8512303,0.7833389,26,630
c12e,1700353336448628,5.3266768,1.849625,0.78044862,25,640
c12e,1700353337447768,5.3074951,1.8382697,0.79097611,28,650
c12e,1700353338448080,5.3144403,1.83024,0.800179,29,660
c12e,1700353339448244,5.3047719,1.8382908,0.79460412,25,670
c12e,1700353340447905,5.30059,1.8435576,0.77353424,21,680
c12e,1700353341449283,5.3051453,1.8444419,0.77970684,27,690
c12e,1700353342448156,5.305274,1.8407196,0.78092676,26,700
c12e,1700353343447862,5.2957811,1.8321691,0.78354061,26,710
c12e,1700353344448021,5.3100271,1.8475085,0.78807366,28,720
c12e,1700353345447853,5.3232245,1.8435824,0.79012817,27,730
c12e,1700353346447936,5.3260293,1.8488187,0.78767675,26,740
c12e,1700353347448254,5.3247056,1.851318,0.79024541,27,750
c12e,1700353348450811,5.3163047,1.8475015,0.80738121,31,760
c12e,1700353349448022,5.3097954,1.8408673,0.80330813,26,770
c12e,1700353350447942,5.3211384,1.8579971,0.780681,22,780
c12e,1700353351447930,5.32643,1.8342555,0.79942614,31,790
c12e,1700353352449273,5.35966,1.8502091,0.79378241,26,800
c12e,1700353353447980,5.3703322,1.8483776,0.78559643,25,810
c12e,1700353354448394,5.3534651,1.8480734,0.7718991,22,820
c12e,1700353355447947,5.3340735,1.8334728,0.79037207,30,830
c12e,1700353356449149,5.3419909,1.8396546,0.78105986,24,840
c12e,1700353357450026,5.3622665,1.8250661,0.786512,28,850
c12e,1700353358449309,5.3772364,1.8368021,0.78949255,28,860
c12e,1700353359447982,5.3572063,1.828535,0.79955685,29,870
c12e,1700353360447984,5.3440361,1.8302047,0.78422552,23,880
c12e,1700353361447948,5.3282685,1.8263922,0.78048545,25,890
c12e,1700353362450193,5.2986059,1.8282284,0.77926809,24,900
c12e,1700353363448870,5.3256598,1.8384991,0.78338385,28,910
c12e,1700353364448827,5.3078394,1.840887,0.79189628,28,920
c12e,1700353365447994,5.3108196,1.8373797,0.80440509,30,930
c12e,1700353366448099,5.2871614,1.8453724,0.79101336,23,940
c12e,1700353367448006,5.2832317,1.8415416,0.79086876,26,950
c12e,1700353368448352,5.2802892,1.8326428,0.78106087,23,960
c12e,1700353369448019,5.323369,1.845381,0.77521783,25,970
c12e,1700353370448313,5.3002338,1.8475852,0.76929629,23,980
c12e,1700353371449618,5.3047495,1.8357736,0.78057796,28,990
c12e,1700353372449607,5.3220344,1.8480649,0.76873749,23,1000
c12e,1700353373448567,5.3411732,1.8571662,0.76308274,24,1010
c12e,1700353374448298,5.329947,1.8569323,0.76981139,26,1020
c12e,1700353375448162,5.3193541,1.8487958,0.7881791,30,1030
c12e,1700353376448089,5.3450427,1.8430403,0.81077486,33,1040
c12e,1700353377449492,5.3179569,1.8334073,0.81641924,28,1050
c12e,1700353378448068,5.320673,1.8271395,0.80277348,25,1060
c12e,1700353379451096,5.3191748,1.8365406,0.8057586,28,1070
c12e,1700353380448996,5.3345246,1.8286533,0.8000167,27,1080
c12e,1700353381448499,5.3156395,1.838647,0.79331255,25,1090
c12e,1700353382448172,5.3108606,1.8333597,0.78180426,23,1100
c12e,1700353383448094,5.3281021,1.8351225,0.78789467,28,1110
c12e,1700353384448213,5.3361154,1.8401713,0.79599386,29,1120
c12e,1700353385449491,5.3334541,1.8455656,0.7855916,24,1130
c12e,1700353386449047,5.3228073,1.8354888,0.76861453,21,1140
c12e,1700353387449193,5.3233829,1.8390909,0.76893783,25,1150
c12e,1700353388448125,5.31291,1.8397126,0.76605117,24,1160
c12e,1700353389448645,5.3260322,1.8369451,0.76670682,25,1170
c12e,1700353390448096,5.3116722,1.8257967,0.78178847,28,1180
c12e,1700353391448417,5.3144917,1.831097,0.78181994,26,1190
c12e,1700353392449288,5.2928686,1.827213,0.777337,24,1200
c12e,1700353393449142,5.2890506,1.8345349,0.77738607,25,1210
c12e,1700353394448200,5.30543,1.8310021,0.788312,29,1220
c12e,1700353395448704,5.3103409,1.8283129,0.78179789,25,1230
c12e,1700353396448600,5.306601,1.8352951,0.7683906,22,1240
c12e,1700353397448190,5.3129263,1.838937,0.77833182,28,1250
c12e,1700353398448517,5.3180909,1.8299774,0.78777784,28,1260
c12e,1700353399448274,5.3265848,1.8370802,0.78144795,25,1270
c12e,1700353400448324,5.32453,1.8359447,0.79061496,28,1280
c12e,1700353401449128,5.3248591,1.8248389,0.797308,28,1290
c12e,1700353402448209,5.3238688,1.8267057,0.79452145,26,1300
c12e,1700353403449781,5.3193254,1.8311067,0.7930057,26,1310
c12e,1700353404448202,5.32428,1.8394673,0.78000355,23,1320
c12e,1700353405448440,5.3026876,1.8265224,0.80348659,31,1330
c12e,1700353406448252,5.3154306,1.8219349,0.79614317,26,1340
c12e,1700353407448676,5.3318558,1.8428408,0.78315675,24,1350
c12e,1700353408461664,5.3472905,1.8421769,0.78659266,28,1360
c12e,1700353409448251,5.3227191,1.8391861,0.78274512,24,1370
c12e,1700353410448290,5.33446,1.8461539,0.7742759,24,1380
c12e,1700353411448659,5.3190818,1.8406979,0.78418618,28,1390
c12e,1700353412448295,5.3151789,1.8401543,0.78928494,27,1400
c12e,1700353413448832,5.319572,1.8410835,0.78417373,25,1410
c12e,1700353414448443,5.3117862,1.8375335,0.78597176,26,1420
c12e,1700353415448419,5.3078089,1.835601,0.78995693,27,1430
c12e,1700353416448319,5.318068,1.8369215,0.79690516,29,0
c12e,1700353417448347,5.3331747,1.8341042,0.79436123,27,10
c12e,1700353418448295,5.3433485,1.8371233,0.77998906,23,20
c12e,1700353419448832,5.3353639,1.8388993,0.78188264,26,30
c12e,1700353420448390,5.3283038,1.8388014,0.78939027,28,40
c12e,1700353421448256,5.3244119,1.8247054,0.79000556,26,50
c12e,1700353422449079,5.3183479,1.8384651,0.78987533,26,60
c12e,1700353423449982,5.3177667,1.8406004,0.77844721,23,70
c12e,1700353424448250,5.3176847,1.837021,0.77466542,25,80
c12e,1700353425450610,5.2980614,1.8398441,0.79015225,29,90
c12e,1700353426448265,5.2960362,1.8521886,0.77588767,22,100
c12e,1700353427448265,5.3016686,1.845245,0.80570441,33,110
c12e,1700353428449766,5.3084288,1.8419701,0.79858303,26,120
c12e,1700353429448310,5.3226881,1.8349338,0.79016209,25,130
c12e,1700353430449340,5.3133616,1.8410387,0.78374547,24,140
c12e,1700353431449943,5.3110213,1.8245668,0.80313092,31,150
c12e,1700353432448207,5.3163304,1.8294132,0.80043364,27,160
c12e,1700353433448237,5.2939253,1.8311365,0.78649038,22,170
c12e,1700353434449356,5.3147745,1.8305801,0.79744267,30,180
c12e,1700353435449190,5.2940693,1.8313233,0.79666048,26,190
c12e,1700353436448338,5.298244,1.8331156,0.80231524,28,200
c12e,1700353437448649,5.3228936,1.8437378,0.787329,24,210
c12e,1700353438448822,5.3406739,1.8585366,0.765782,22,220
c12e,1700353439448411,5.3419676,1.8520128,0.7899251,32,230
c12e,1700353440448356,5.3330493,1.8348634,0.80257976,30,240
c12e,1700353441448360,5.3282566,1.8314496,0.81467438,30,250
c12e,1700353442448663,5.3447289,1.8439442,0.80244815,25,260
c12e,1700353443448378,5.3424397,1.8329808,0.80481321,28,270
c12e,1700353444448360,5.3318496,1.8365675,0.79996943,26,280
c12e,1700353445449220,5.3264093,1.8276552,0.8119086,30,290
c12e,1700353446449500,5.3349895,1.8243197,0.81006545,28,300
c12e,1700353447450187,5.3455729,1.8254676,0.815124,30,310
c12e,1700353448449315,5.3373022,1.8221542,0.81713015,29,320
c12e,1700353449449134,5.3286643,1.8241106,0.82300431,30,330
c12e,1700353450448405,5.3413773,1.8281262,0.80324256,24,340
c12e,1700353451449509,5.3216805,1.8441136,0.80149943,26,350
c12e,1700353452448357,5.3356938,1.8375442,0.82288116,33,360
c12e,1700353453449720,5.34636,1.8287188,0.81586069,27,370
c12e,1700353454448639,5.338213,1.8429288,0.80483592,25,380
c12e,1700353455448738,5.3114047,1.8311055,0.80929333,28,390
c12e,1700353456451575,5.3342533,1.8377497,0.79241186,24,400
c12e,1700353457448438,5.3112969,1.8301358,0.80133069,28,410
c12e,1700353458448428,5.3019032,1.8411608,0.7995016,26,420
c12e,1700353459448404,5.2946787,1.8435531,0.8060776,28,430
c12e,1700353460461550,5.3206758,1.8433925,0.79297048,25,440
c12e,1700353461449304,5.3147721,1.8465986,0.78053623,23,450
c12e,1700353462449439,5.3193502,1.8414336,0.77182037,24,460
c12e,1700353463448716,5.2928977,1.8424773,0.77647531,25,470
c12e,1700353464448746,5.2992711,1.8495742,0.76449764,22,480
c12e,1700353465448398,5.2968764,1.8542496,0.75757176,23,490
c12e,1700353466448650,5.3025455,1.8546604,0.75891745,25,500
c12e,1700353467449486,5.3052459,1.847611,0.7640627,26,510
c12e,1700353468448450,5.2964368,1.8454056,0.7638734,24,520
c12e,1700353469448848,5.3052082,1.8245612,0.77520376,28,530
c12e,1700353470448506,5.3248639,1.8373057,0.77892721,27,540
c12e,1700353471448489,5.3532882,1.8349369,0.7825433,28,550
c12e,1700353472448551,5.3214417,1.828661,0.78191251,25,560
c12e,1700353473448568,5.3295345,1.8331301,0.77893126,25,570
c12e,1700353474449419,5.3619337,1.8536248,0.78827775,29,580
c12e,1700353475448547,5.368896,1.8666798,0.76943094,22,590
c12e,1700353476450771,5.3557024,1.8567221,0.78568912,29,600
c12e,1700353477449642,5.3486257,1.8497839,0.7749145,23,610
c12e,1700353478448871,5.3800769,1.8478199,0.77420336,26,620
c12e,1700353479448597,5.3628683,1.8388095,0.77661335,26,630
c12e,1700353480448564,5.3666863,1.8326236,0.78309959,28,640
c12e,1700353481449471,5.3503618,1.8437513,0.76820368,22,650
c12e,1700353482461284,5.32739,1.8433145,0.77239805,25,660
c12e,1700353483448694,5.3250518,1.8509287,0.76624954,24,670
c12e,1700353484449529,5.3147531,1.8376898,0.78072107,28,680
c12e,1700353485449051,5.3005867,1.8380634,0.78872138,27,690
c12e,1700353486448634,5.2805486,1.8362886,0.79771632,28,700
c12e,1700353487448819,5.2845912,1.8282335,0.81178111,30,710
c12e,1700353488448927,5.2884283,1.8256153,0.80327463,25,720
c12e,1700353489448642,5.3029132,1.8301246,0.79227912,25,730
c12e,1700353490448667,5.3372774,1.8464721,0.78576362,26,740
c12e,1700353491449018,5.3397646,1.8443369,0.7908439,28,750
c12e,1700353492448926,5.3156514,1.8423318,0.79013205,25,760
c12e,1700353493450196,5.3275571,1.834507,0.78680634,26,770
c12e,1700353494449188,5.331955,1.8404942,0.79268181,28,780
c12e,1700353495451075,5.3490891,1.8492485,0.78194124,24,790
c12e,1700353496448988,5.3499155,1.8326244,0.79490709,30,800
c12e,1700353497448766,5.3584814,1.8404189,0.79172605,27,810
c12e,1700353498448698,5.3343134,1.835659,0.79285228,26,820
c12e,1700353499448713,5.3174748,1.8277329,0.79944044,28,830
c12e,1700353500448815,5.3113337,1.8311527,0.7884478,24,840
c12e,1700353501449440,5.5111003,1.8348024,0.80984575,45,850
c12e,1700353502449593,5.4565725,1.8300304,0.82101214,30,860
c12e,1700353503449769,5.4424391,1.8376861,0.80800658,26,870
c12e,1700353504449580,5.3982711,1.8335586,0.80094594,25,880
c12e,1700353505448734,5.35079,1.8388014,0.78980553,23,890
c12e,1700353506450884,5.333683,1.8424808,0.79937577,29,900
c12e,1700353507448686,5.3262124,1.84073,0.79574645,26,910
c12e,1700353508448731,5.2979488,1.8367327,0.78954643,24,920
c12e,1700353509449547,5.2929764,1.8401786,0.77683395,23,930
c12e,1700353510448940,5.2746711,1.8481798,0.77696389,24,940
c12e,1700353511449280,5.2689352,1.8562944,0.77444577,24,950
c12e,1700353512450197,5.277741,1.8540287,0.77312624,25,960
c12e,1700353513448810,5.2934008,1.8457466,0.79361248,31,970
c12e,1700353514449186,5.2734985,1.8334743,0.81402481,31,980
c12e,1700353515448807,5.2744961,1.8414434,0.80785441,26,990
c12e,1700353516449275,5.2862725,1.8487573,0.7956019,24,1000
c12e,1700353517448876,5.29191,1.8432759,0.80161059,28,1010
c12e,1700353518449106,5.3056111,1.833239,0.80877048,29,1020
c12e,1700353519448798,5.3085732,1.842604,0.80032372,25,1030
c12e,1700353520449002,5.3212352,1.8281087,0.79563332,26,1040
c12e,1700353521450129,5.326633,1.8416607,0.78380525,24,1050
c12e,1700353522448809,5.314364,1.8212904,0.79534388,29,1060
c12e,1700353523449233,5.3428955,1.8250912,0.78050697,24,1070
c12e,1700353524448820,5.3250751,1.8233029,0.77518988,24,1080
c12e,1700353525448838,5.2967715,1.8296132,0.77418715,24,1090
c12e,1700353526450339,5.2996044,1.8362244,0.77180934,25,1100
c12e,1700353527448857,5.2898226,1.8339005,0.76625848,23,1110
c12e,1700353528449022,5.2970505,1.8452709,0.77527082,27,1120
c12e,1700353529449213,5.3112774,1.8340539,0.79380471,31,1130
c12e,1700353530449057,5.3139305,1.8417395,0.78119141,23,1140
c12e,1700353531448940,5.36037,1.8351399,0.78560662,28,1150
c12e,1700353532451688,5.3593168,1.8271306,0.79846251,30,1160
c12e,1700353533448886,5.3482065,1.8196081,0.79569066,26,1170
c12e,1700353534448881,5.3580251,1.8401988,0.79328966,27,1180
c12e,1700353535449224,5.3349056,1.854797,0.77836478,22,1190
c12e,1700353536448939,5.3156204,1.8457702,0.78798956,28,1200
c12e,1700353537449168,5.3179479,1.8453296,0.78542334,26,1210
c12e,1700353538449136,5.3189859,1.8428543,0.79444736,29,1220
c12e,1700353539448997,5.3201628,1.8330053,0.80421203,29,1230
c12e,1700353540449255,5.3006964,1.8397553,0.78853387,22,1240
c12e,1700353541448980,5.2908864,1.832265,0.79445982,27,1250
c12e,1700353542448921,5.2661867,1.826638,0.78106749,22,1260
c12e,1700353543448984,5.2957845,1.8337201,0.77841204,26,1270
c12e,1700353544448982,5.2835784,1.832132,0.77965021,25,1280
c12e,1700353545448951,5.3122125,1.8356189,0.79376334,30,1290
c12e,1700353546450432,5.3002625,1.8189735,0.80238384,28,1300
c12e,1700353547450494,5.290688,1.8187888,0.79593438,25,1310
c12e,1700353548448969,5.3089213,1.8286476,0.78722191,25,1320
c12e,1700353549448988,5.319397,1.8346008,0.773377,23,1330
c12e,1700353550449107,5.3043895,1.8299378,0.78918028,29,1340
c12e,1700353551448987,5.315814,1.8414073,0.80029058,30,1350
c12e,1700353552449307,5.3328266,1.8389438,0.80067611,28,1360
c12e,1700353553449102,5.3354006,1.8306917,0.80519241,29,1370
c12e,1700353554449007,5.3218369,1.8282207,0.79424822,24,1380
c12e,1700353555449400,5.3202124,1.830726,0.79047304,26,1390
c12e,1700353556449021,5.3276267,1.8369093,0.78644717,26,1400
c12e,1700353557449362,5.3324246,1.838643,0.79533213,29,1410
c12e,1700353558449028,5.3285532,1.848231,0.77300376,21,1420
c12e,1700353559449166,5.3216372,1.8457228,0.7615788,22,1430
c12e,1700353560449518,5.3464022,1.8404669,0.75533509,24,0
c12e,1700353561449169,5.3340497,1.854048,0.757212,24,10
c12e,1700353562451181,5.3338785,1.8573776,0.77387851,29,20
c12e,1700353563451782,5.3554816,1.8508179,0.78399378,29,30
c12e,1700353564448918,5.46959,1.8460526,0.79620922,35,40
c12e,1700353565448968,5.4391437,1.8535728,0.7918117,26,50
c12e,1700353566449353,5.4134941,1.8481759,0.78594822,25,60
c12e,1700353567449091,5.38715,1.8334675,0.8015132,30,70
c12e,1700353568449241,5.3416162,1.8262358,0.80325478,26,80
c12e,1700353569450074,5.3187943,1.8421265,0.78748119,22,90
c12e,1700353570461454,5.3205543,1.8462918,0.77438712,23,100
c12e,1700353571448987,5.320436,1.8399434,0.78726268,29,110
c12e,1700353572449071,5.3202386,1.8316032,0.80198312,30,120
c12e,1700353573449074,5.3284984,1.8309469,0.79987115,27,130
c12e,1700353574450189,5.3475294,1.8405384,0.80085003,28,140
c12e,1700353575449197,5.3469505,1.8318543,0.8032704,28,150
c12e,1700353576449104,5.3357053,1.8312787,0.79679114,25,160
c12e,1700353577449042,5.31856,1.8398741,0.77797365,21,170
c12e,1700353578449124,5.3063326,1.8366646,0.77823275,25,180
c12e,1700353579449936,5.3118987,1.8384933,0.77992868,26,190
c12e,1700353580449898,5.3195276,1.8384168,0.79660249,30,200
c12e,1700353581450376,5.3221145,1.8258959,0.79869378,28,210
c12e,1700353582449299,5.3367434,1.8258123,0.79369515,26,220
c12e,1700353583449281,5.3305845,1.832616,0.78338397,24,230
c12e,1700353584449210,5.346951,1.8425913,0.779889,26,240
c12e,1700353585449083,5.3377738,1.8466934,0.77310306,24,250
c12e,1700353586449390,5.3567696,1.8501155,0.78551638,29,260
c12e,1700353587449178,5.3644629,1.8352803,0.79355705,29,270
c12e,1700353588449149,5.3479924,1.8260214,0.80859905,30,280
c12e,1700353589449219,5.3625736,1.8383735,0.793754,24,290
c12e,1700353590449630,5.3280048,1.8349742,0.7933296,25,300
c12e,1700353591449349,5.3282652,1.8409102,0.78636777,25,310
c12e,1700353592449131,5.3016591,1.8325564,0.79591328,28,320
c12e,1700353593449459,5.2881641,1.8371601,0.78493506,23,330
c12e,1700353594449219,5.2983642,1.8343995,0.77911866,25,340
c12e,1700353595451204,5.335412,1.8452284,0.77576149,26,350
c12e,1700353596450650,5.3196316,1.8510356,0.7725578,24,360
c12e,1700353597449566,5.306571,1.840631,0.7762692,26,370
c12e,1700353598449316,5.3220325,1.8450199,0.76275522,22,380
c12e,1700353599449127,5.3219934,1.853682,0.75889003,24,390
c12e,1700353600449324,5.3225288,1.8579571,0.75110531,22,400
c12e,1700353601449570,5.336772,1.8631796,0.7483862,24,410
c12e,1700353602449237,5.3367133,1.8516736,0.75243294,25,420
c12e,1700353603450821,5.3157077,1.8320295,0.78310174,31,430
c12e,1700353604449807,5.3219376,1.8415561,0.79604149,30,440
c12e,1700353605449227,5.337451,1.8574451,0.79072857,26,450
c12e,1700353606450817,5.3352623,1.8474205,0.78640068,25,460
c12e,1700353607449246,5.3253193,1.8533641,0.77281058,22,470
c12e,1700353608449205,5.329576,1.8394568,0.79336691,31,480
c12e,1700353609449302,5.3058486,1.83004,0.80650747,29,490
c12e,1700353610449285,5.2895794,1.8250302,0.80699313,27,500
c12e,1700353611450712,5.2970467,1.8283001,0.79598868,25,510
c12e,1700353612449349,5.2737837,1.8304495,0.79614037,25,520
c12e,1700353613449316,5.279027,1.8282269,0.81267488,31,530
c12e,1700353614449293,5.2925029,1.8336134,0.79977047,25,540
c12e,1700353615449794,5.3099108,1.8449833,0.78535521,24,550
c12e,1700353616449600,5.3265491,1.8395823,0.80467385,32,560
c12e,1700353617449288,5.3153667,1.8350867,0.81560081,30,570
c12e,1700353618449300,5.3370423,1.8407235,0.81863815,30,580
c12e,1700353619449316,5.3016014,1.8289014,0.824751,28,590
c12e,1700353620449253,5.319551,1.8339751,0.80759484,25,600
c12e,1700353621450150,5.3461976,1.8398088,0.80620056,28,610
c12e,1700353622451348,5.3221226,1.8286642,0.80733097,27,620
c12e,1700353623449231,5.3246236,1.8273498,0.80459094,27,630
c12e,1700353624449380,5.322258,1.8286095,0.80019808,26,640
c12e,1700353625450343,5.3335609,1.8426696,0.78938431,25,650
c12e,1700353626449835,5.3225455,1.8423377,0.77336144,22,660
c12e,1700353627451688,5.3148603,1.8525565,0.76320362,22,670
c12e,1700353628449383,5.3141794,1.8496934,0.75858867,23,680
c12e,1700353629449321,5.3058763,1.8410087,0.76125777,57,690
c12e,1700353630449308,5.3103104,1.8272564,0.77938432,29,700
c12e,1700353631449411,5.3055406,1.8434104,0.77644813,25,710
c12e,1700353632449325,5.2946262,1.8408606,0.7833516,27,720
c12e,1700353633449788,5.284399,1.828655,0.78704292,26,730
c12e,1700353634449415,5.2962966,1.8302912,0.79133564,28,740
c12e,1700353635450295,5.3026004,1.8396487,0.78417993,25,750
c12e,1700353636449546,5.2908969,1.8322058,0.79147214,27,760
c12e,1700353637449312,5.3114944,1.8335814,0.80228192,30,770
c12e,1700353638449866,5.2874856,1.8365749,0.79724497,25,780
c12e,1700353639449394,5.2850952,1.8277487,0.80924726,30,790
c12e,1700353640449346,5.2980404,1.8354644,0.79610342,24,800
c12e,1700353641449380,5.2899876,1.8400328,0.79889041,27,810
c12e,1700353642452723,5.2826233,1.8390088,0.78946221,24,820
c12e,1700353643450475,5.2855878,1.825267,0.80880696,31,830
c12e,1700353644450019,5.3092365,1.8319734,0.80420268,27,840
c12e,1700353645450334,5.3228393,1.8487446,0.80720621,29,850
c12e,1700353646449960,5.3257246,1.8438432,0.80049139,26,860
c12e,1700353647449499,5.3269944,1.8410342,0.81446439,31,870
c12e,1700353648449396,5.3062372,1.8472488,0.80390412,24,880
c12e,1700353649459606,5.2945256,1.8423553,0.81407094,29,890
c12e,1700353650449478,5.2963347,1.8406538,0.80881238,27,900
c12e,1700353651449549,5.2936807,1.8262677,0.8096301,28,910
c12e,1700353652451321,5.290081,1.841171,0.80747217,27,920
c12e,1700353653449422,5.3038158,1.8522155,0.7897439,23,930
c12e,1700353654449608,5.3077464,1.8494262,0.78207856,24,940
c12e,1700353655450021,5.306633,1.8452463,0.78969693,28,950
c12e,1700353656449866,5.3343172,1.841681,0.78805614,27,960
c12e,1700353657449877,5.3183551,1.8498667,0.78187072,24,970
c12e,1700353658450442,5.3046446,1.8427751,0.78933889,27,980
c12e,1700353659461293,5.3025126,1.8581635,0.77031511,21,990
c12e,1700353660450408,5.3240376,1.8551337,0.76927835,25,1000
c12e,1700353661449555,5.3103461,1.8474293,0.77862436,27,1010
c12e,1700353662449460,5.3310814,1.8376194,0.788188,29,1020
c12e,1700353663450677,5.3711429,1.8548964,0.78026211,25,1030
c12e,1700353664449764,5.3445907,1.8444215,0.79508251,29,1040
c12e,1700353665449604,5.3407826,1.8397993,0.78093719,23,1050
c12e,1700353666449999,5.3343997,1.8386775,0.78147262,26,1060
c12e,1700353667449589,5.3164754,1.8234447,0.79220605,28,1070
c12e,1700353668451170,5.3314214,1.8394487,0.78994781,26,1080
c12e,1700353669450598,5.3233376,1.8436335,0.77626944,23,1090
c12e,1700353670450442,5.2987151,1.8265487,0.78929049,28,1100
c12e,1700353671451973,5.3079247,1.8279843,0.7958684,28,1110
c12e,1700353672455450,5.3279343,1.832554,0.8101995,31,1120
c12e,1700353673449920,5.330153,1.842773,0.79780352,25,1130
c12e,1700353674450878,5.3286147,1.8394704,0.80366749,29,1140
c12e,1700353675449630,5.3305669,1.8276452,0.81876624,32,1150
c12e,1700353676449595,5.3326464,1.8470465,0.81894875,29,1160
c12e,1700353677450065,5.3552279,1.8352283,0.83084416,32,1170
c12e,1700353678449887,5.3502865,1.8425761,0.80658823,23,1180
c12e,1700353679449622,5.3455672,1.845118,0.79043955,23,1190
c12e,1700353680450168,5.3353763,1.8413122,0.8008936,29,1200
c12e,1700353681449648,5.3504052,1.8505679,0.79693568,27,1210
c12e,1700353682450172,5.3519073,1.8561519,0.80092281,28,1220
c12e,1700353683449974,5.3342805,1.8517699,0.79101419,24,1230
c12e,1700353684449738,5.3266721,1.838461,0.81257683,32,1240
c12e,1700353685450899,5.31663,1.8363169,0.80833751,27,1250
c12e,1700353686450620,5.3014097,1.8274635,0.80664104,27,1260
c12e,1700353687451103,5.2957067,1.8237057,0.80624026,27,1270
c12e,1700353688450352,5.3079996,1.820739,0.8112821,29,1280
c12e,1700353689449749,5.3032165,1.8288997,0.80333078,25,1290
c12e,1700353690450135,5.2815046,1.8405148,0.78827494,22,1300
c12e,1700353691449806,5.3048673,1.830441,0.80493879,31,1310
c12e,1700353692449785,5.3268571,1.8335791,0.79224974,25,1320
c12e,1700353693451304,5.3185158,1.829766,0.80074441,29,1330
c12e,1700353694449812,5.3251519,1.8362076,0.80412734,28,1340
c12e,1700353695449839,5.3126707,1.8383499,0.803479,27,1350
c12e,1700353696449934,5.3037186,1.8340706,0.80294055,27,1360
c12e,1700353697449786,5.31994,1.8334832,0.80111068,27,1370
c12e,1700353698450052,5.3151326,1.8421236,0.79036528,24,1380
c12e,1700353699450076,5.3223886,1.833202,0.80745631,31,1390
c12e,1700353700449910,5.3184557,1.8389236,0.8145743,29,1400
c12e,1700353701449787,5.2977505,1.8375795,0.81129116,26,1410
c12e,1700353702449862,5.3072195,1.8325946,0.81139773,28,1420
c12e,1700353703453160,5.3052788,1.8311725,0.81185114,28,1430
c12e,1700353704451284,5.3099589,1.8446438,0.81324118,28,0
c12e,1700353705450124,5.3143106,1.8430741,0.82011366,30,10
c12e,1700353706449811,5.3238983,1.8344972,0.82044458,29,20
c12e,1700353707450169,5.3188734,1.8347423,0.81154805,26,30
c12e,1700353708449748,5.3338885,1.8464808,0.79854578,25,40
c12e,1700353709451133,5.3221273,1.8482151,0.79582417,26,50
c12e,1700353710450372,5.327529,1.8598082,0.77441418,21,60
c12e,1700353711450083,5.3325753,1.8631482,0.776439,26,70
c12e,1700353712450588,5.3408709,1.8574605,0.77060956,24,80
c12e,1700353713449845,5.337831,1.8511317,0.77226186,26,90
c12e,1700353714453096,5.3320308,1.8420923,0.781912,28,100
c12e,1700353715449891,5.3196836,1.8375829,0.78551561,27,110
c12e,1700353716461830,5.325212,1.8450214,0.78690737,27,120
c12e,1700353717449861,5.326148,1.8477056,0.78252316,25,130
c12e,1700353718450131,5.3279467,1.8475199,0.79384863,29,140
c12e,1700353719449885,5.3181491,1.8423142,0.78734851,25,150
c12e,1700353720451199,5.3165822,1.8297997,0.80340958,30,160
c12e,1700353721450792,5.3061275,1.8401291,0.81195331,29,170
c12e,1700353722449906,5.3084888,1.8381563,0.79985678,25,180
c12e,1700353723450042,5.3021173,1.8405111,0.796973,26,190
c12e,1700353724450409,5.299283,1.8347785,0.78478283,23,200
c12e,1700353725449952,5.3122096,1.8524287,0.78713417,27,210
c12e,1700353726450384,5.3079767,1.8387733,0.79588675,28,220
c12e,1700353727450682,5.3060923,1.8438624,0.78935927,25,230
c12e,1700353728449946,5.2957392,1.8478119,0.78212237,24,240
c12e,1700353729450974,5.3011417,1.8416973,0.77839977,25,250
c12e,1700353730449914,5.3196836,1.8291097,0.79453164,30,260
c12e,1700353731450031,5.3178248,1.8307465,0.80566162,30,270
c12e,1700353732449937,5.3176279,1.8296773,0.80093759,26,280
c12e,1700353733449890,5.33474,1.8478032,0.79336679,26,290
c12e,1700353734450261,5.3256464,1.8303633,0.80955815,31,300
c12e,1700353735453338,5.3310289,1.8417772,0.80772489,28,310
c12e,1700353736449959,5.3128829,1.8440553,0.804993,26,320
c12e,1700353737454527,5.3161564,1.8286734,0.8051511,28,330
c12e,1700353738450917,5.3171229,1.8294888,0.784984,22,340
c12e,1700353739450154,5.3415966,1.8409019,0.78360033,26,350
c12e,1700353740449972,5.3431182,1.8393987,0.78429425,27,360
c12e,1700353741450132,5.3256755,1.8363096,0.78476381,26,370
c12e,1700353742450080,5.332129,1.8346077,0.80499065,32,380
c12e,1700353743449984,5.3263907,1.8436314,0.80566287,28,390
c12e,1700353744450389,5.3125916,1.8521376,0.7825644,21,400
c12e,1700353745451119,5.2953653,1.8351858,0.80000609,30,410
c12e,1700353746449912,5.3033566,1.8440435,0.78951174,24,420
c12e,1700353747450083,5.2953205,1.8413136,0.79468983,27,430
c12e,1700353748450376,5.290669,1.832606,0.79540074,27,440
c12e,1700353749450193,5.3102622,1.8463778,0.78865087,25,450
c12e,1700353750450032,5.2993469,1.8306682,0.79737628,28,460
c12e,1700353751450258,5.3112984,1.8193079,0.79968518,28,470
c12e,1700353752450857,5.3210182,1.8232698,0.81015468,30,480
c12e,1700353753451034,5.3164515,1.8344622,0.795136,24,490
c12e,1700353754450166,5.308476,1.8370131,0.79829621,27,500
c12e,1700353755450079,5.3130093,1.8395009,0.79602617,27,510
c12e,1700353756450239,5.3131537,1.8248248,0.81192088,31,520
c12e,1700353757450209,5.3061886,1.8327156,0.80103827,25,530
c12e,1700353758450100,5.2959433,1.8328767,0.80961335,29,540
c12e,1700353759453554,5.2908149,1.8298802,0.79781389,24,550
c12e,1700353760450218,5.2868295,1.8306901,0.802735,28,560
c12e,1700353761450350,5.3018904,1.8523138,0.80077255,27,570
c12e,1700353762450166,5.31677,1.8458313,0.81364316,31,580
c12e,1700353763450208,5.3094435,1.8331709,0.81911844,29,590
c12e,1700353764453901,5.3212538,1.8453146,0.81460506,28,600
c12e,1700353765450095,5.315383,1.8436375,0.81233329,27,610
c12e,1700353766450604,5.3112698,1.8351374,0.8185997,29,620
c12e,1700353767450105,5.3256955,1.8423618,0.80795342,26,630
c12e,1700353768450501,5.3303185,1.8419626,0.79876679,25,640
c12e,1700353769451369,5.3099689,1.8367733,0.788973,24,650
c12e,1700353770450644,5.3161836,1.8342557,0.80366528,30,660
c12e,1700353771451408,5.3270812,1.838781,0.79312927,25,670
c12e,1700353772450133,5.3374724,1.8326148,0.7937817,27,680
c12e,1700353773450213,5.3366938,1.8494412,0.79049873,26,690
c12e,1700353774450155,5.3200679,1.8482566,0.78175116,24,700
c12e,1700353775450170,5.3196716,1.8546606,0.76750243,22,710
c12e,1700353776450894,5.3149519,1.8419429,0.78491372,29,720
c12e,1700353777451377,5.311377,1.82804,0.7980386,29,730
c12e,1700353778450164,5.3231454,1.8188269,0.80376351,29,740
c12e,1700353779450232,5.3325768,1.8235451,0.80194759,27,750
c12e,1700353780450254,5.3157392,1.837063,0.78577387,22,760
c12e,1700353781450483,5.3192945,1.8499585,0.77110559,22,770
c12e,1700353782450614,5.3333335,1.8646355,0.76357883,24,780
c12e,1700353783450179,5.3334146,1.8668814,0.75525618,23,790
c12e,1700353784450325,5.3279133,1.8612179,0.763333,26,800
c12e,1700353785450286,5.3142171,1.8563919,0.77595443,28,810
c12e,1700353786450228,5.2935305,1.8485456,0.78954041,28,820
c12e,1700353787453776,5.3088007,1.8290949,0.79660738,29,830
c12e,1700353788450647,5.30964,1.8343716,0.80822295,30,840
c12e,1700353789452291,5.3160686,1.8367807,0.81205541,29,850
c12e,1700353790450190,5.3050914,1.8272125,0.82164645,30,860
c12e,1700353791450222,5.3218789,1.8232262,0.81802887,28,870
c12e,1700353792451648,5.3241267,1.8261704,0.80483139,25,880
c12e,1700353793450852,5.3158312,1.8366625,0.79744154,25,890
c12e,1700353794450254,5.3296194,1.82433,0.79214889,26,900
c12e,1700353795450821,5.33773,1.8357192,0.79814649,29,910
c12e,1700353796450706,5.3425932,1.8233873,0.81801564,33,920
c12e,1700353797450658,5.3203626,1.8237611,0.82595992,30,930
c12e,1700353798451624,5.3303795,1.8236214,0.82356274,29,940
c12e,1700353799450629,5.3366251,1.8448465,0.81121016,26,950
c12e,1700353800450372,5.3285193,1.8324671,0.82262331,31,960
c12e,1700353801451089,5.3314929,1.8471234,0.80897874,25,970
c12e,1700353802450308,5.3209972,1.8509151,0.79285413,23,980
c12e,1700353803450318,5.3393435,1.8616931,0.7670722,22,990
c12e,1700353804450626,5.3336782,1.8499848,0.77596331,27,1000
c12e,1700353805450834,5.3139772,1.850958,0.77839339,25,1010
c12e,1700353806452786,5.3219409,1.8447325,0.77948159,26,1020
c12e,1700353807451708,5.3356247,1.8601081,0.75938141,22,1030
c12e,1700353808451166,5.3288226,1.8415996,0.77656758,29,1040
c12e,1700353809453216,5.3257656,1.8341928,0.78408277,28,1050
c12e,1700353810451220,5.30898,1.8398391,0.78528535,26,1060
c12e,1700353811450284,5.289691,1.8345094,0.7807036,24,1070
c12e,1700353812450329,5.323071,2.2678962,0.56272304,87,1080
c12e,1700353813450676,5.3108454,2.153446,0.6345188,30,1090
c12e,1700353814450302,5.3135815,2.0600967,0.68242514,29,1100
c12e,1700353815450892,5.32591,2.0163913,0.68972015,22,1110
c12e,1700353816450445,5.3098588,1.9691422,0.72030455,27,1120
c12e,1700353817450286,5.3113995,1.9386083,0.72626913,23,1130
c12e,1700353818450391,5.3281093,1.9133195,0.7433359,27,1140
c12e,1700353819450727,5.3195877,1.8939158,0.75805217,27,1150
c12e,1700353820451308,5.3068776,1.8860878,0.75363082,23,1160
c12e,1700353821452087,5.3113685,1.8748339,0.76063484,26,1170
c12e,1700353822450528,5.2883739,1.8682292,0.760905,23,1180
c12e,1700353823450307,5.2956963,1.8629265,0.76051635,24,1190
c12e,1700353824450478,5.287653,1.8503352,0.77036792,27,1200
c12e,1700353825450453,5.2939692,1.8480855,0.77953321,28,1210
c12e,1700353826451102,5.2972121,1.8455654,0.76054794,21,1220
c12e,1700353827450428,5.3074026,1.8407314,0.76831526,27,1230
c12e,1700353828450327,5.30387,1.8438703,0.761235,23,1240
c12e,1700353829452178,5.306603,1.8417645,0.77261436,28,1250
c12e,1700353830450478,5.3056879,1.830001,0.78369188,28,1260
c12e,1700353831450526,5.2923541,1.8271338,0.786306,26,1270
c12e,1700353832450371,5.2840743,1.8292253,0.75911355,19,1280
c12e,1700353833450392,5.3124094,1.8334174,0.76846737,28,1290
c12e,1700353834450469,5.3148766,1.839759,0.779734,28,1300
c12e,1700353835450766,5.3336525,1.8525424,0.76202506,22,1310
c12e,1700353836451645,5.319396,1.8403057,0.77190137,27,1320
c12e,1700353837450718,5.3306737,1.832574,0.80007136,33,1330
c12e,1700353838450957,5.328248,1.836926,0.79658306,26,1340
c12e,1700353839450573,5.3275714,1.8520417,0.78610522,24,1350
c12e,1700353840454272,5.3170748,1.850139,0.77393323,23,1360
c12e,1700353841450657,5.2960429,1.8526415,0.7643702,22,1370
c12e,1700353842450493,5.3089809,1.8461412,0.78880733,32,1380
c12e,1700353843451884,5.3044891,1.8268135,0.7994464,29,1390
c12e,1700353844450452,5.2982917,1.8349692,0.79095423,24,1400
c12e,1700353845450404,5.29858,1.8462607,0.77513033,22,1410
c12e,1700353846451288,5.2967944,1.8495164,0.7664246,23,1420
c12e,1700353847451141,5.3018775,1.844484,0.77052379,26,1430
c12e,1700353848450886,5.2852116,1.8366073,0.77929819,27,0
c12e,1700353849450926,5.2899103,1.841485,0.77969879,26,10
c12e,1700353850452058,5.2976656,1.8563664,0.76120394,21,20
c12e,1700353851450416,5.3049603,1.8389086,0.78729433,32,30
c12e,1700353852450689,5.3079481,1.8284043,0.78528231,26,40
c12e,1700353853450530,5.3218746,1.8410472,0.77829272,25,50
c12e,1700353854451366,5.3379531,1.834976,0.78119832,27,60
c12e,1700353855451502,5.3262787,1.8395624,0.77290362,23,70
c12e,1700353856451399,5.3363509,1.8434777,0.7786321,27,80
c12e,1700353857450578,5.3310313,1.8399761,0.78171647,27,90
c12e,1700353858450565,5.3392096,1.8504734,0.77465773,24,100
c12e,1700353859450611,5.3424163,1.856894,0.77163029,25,110
c12e,1700353860452190,5.3369927,1.8396485,0.77245176,25,120
c12e,1700353861450913,5.3492894,1.850108,0.7729134,26,130
c12e,1700353862450552,5.3223958,1.8496164,0.77479857,25,140
c12e,1700353863450930,5.3402176,1.847988,0.77933919,27,150
c12e,1700353864450833,5.335361,1.8470203,0.78300321,27,160
c12e,1700353865452214,5.3430514,1.8403249,0.792173,29,170
c12e,1700353866450696,5.3169961,1.8312538,0.79437637,26,180
c12e,1700353867450744,5.3283072,1.8423812,0.79784089,28,190
c12e,1700353868450593,5.3388958,1.8441069,0.79525721,27,200
c12e,1700353869451264,5.3341107,1.8317925,0.80599958,30,210
c12e,1700353870450586,5.3387265,1.8253201,0.81086516,29,220
c12e,1700353871450954,5.5697508,1.8241053,0.84904742,50,230
c12e,1700353872451090,5.5272522,1.8383102,0.84380513,30,240
c12e,1700353873450755,5.4686232,1.8239679,0.84660518,30,250
c12e,1700353874450668,5.42714,1.8312651,0.82150024,23,260
c12e,1700353875450802,5.3841867,1.840625,0.80765122,24,270
c12e,1700353876450750,5.3808365,1.8370469,0.8205415,32,280
c12e,1700353877450941,5.3700385,1.8358382,0.81725329,28,290
c12e,1700353878451496,5.3588061,1.839353,0.80541694,25,300
c12e,1700353879450601,5.3402262,1.8370069,0.80502957,27,310
c12e,1700353880450496,5.3325276,1.835873,0.80074728,26,320
c12e,1700353881450792,5.3345766,1.8430275,0.78960663,24,330
c12e,1700353882450755,5.315753,1.8472097,0.77676475,22,340
c12e,1700353883450652,5.3060303,1.8407154,0.7829048,27,350
c12e,1700353884450658,5.2957344,1.8263524,0.78917104,27,360
c12e,1700353885450604,5.2994566,1.8412249,0.77720678,23,370
c12e,1700353886450891,5.3073487,1.8374256,0.77131879,24,380
c12e,1700353887450612,5.2974019,1.8177032,0.79761022,32,390
c12e,1700353888451066,5.2961831,1.8266113,0.79488051,26,400
c12e,1700353889450783,5.2875686,1.8208033,0.78937727,25,410
c12e,1700353890450704,5.2839694,1.8209058,0.79055929,26,420
c12e,1700353891450678,5.2891474,1.8430719,0.78240895,24,430
c12e,1700353892450713,5.2800007,1.8368773,0.77945089,24,440
c12e,1700353893451322,5.2916164,1.8342566,0.78289479,27,450
c12e,1700353894450804,5.2981992,1.8345863,0.79670942,30,460
c12e,1700353895450709,5.3086715,1.8413126,0.7933954,26,470
c12e,1700353896451052,5.3036332,1.8384347,0.79189849,26,480
c12e,1700353897450684,5.3221169,1.8403625,0.77996075,24,490
c12e,1700353898450720,5.3059378,1.8459642,0.770583,23,500
c12e,1700353899450701,5.3109503,1.8411192,0.782188,28,510
c12e,1700353900452688,5.3122087,1.8324723,0.79630774,30,520
c12e,1700353901450940,5.3297434,1.8322238,0.79380441,27,530
c12e,1700353902450780,5.3187575,1.8360853,0.80623615,30,540
c12e,1700353903461837,5.3070116,1.8209268,0.8194201,30,550
c12e,1700353904452213,5.5417843,1.8180346,0.86896092,49,560
c12e,1700353905452058,5.487154,1.8319231,0.84428507,25,570
c12e,1700353906450908,5.4416442,1.8379692,0.83826029,28,580
c12e,1700353907450786,5.4222341,1.841548,0.8150993,24,590
c12e,1700353908452015,5.38251,1.8350909,0.81627077,28,600
c12e,1700353909450859,5.4086242,1.8309737,0.81691206,29,610
c12e,1700353910453790,5.3814878,1.8350623,0.80904359,26,620
c12e,1700353911450772,5.3665042,1.8228402,0.817308,30,630
c12e,1700353912450787,5.3681211,1.8360844,0.80494779,25,640
c12e,1700353913450971,5.3642759,1.8255937,0.80811977,29,650
c12e,1700353914450841,5.3554082,1.8360876,0.80039465,26,660
c12e,1700353915455120,5.357717,1.8251076,0.82149136,33,670
c12e,1700353916451301,5.3883166,1.8315138,0.82183462,30,680
c12e,1700353917451276,5.3639512,1.8399287,0.81117034,25,690
c12e,1700353918455359,5.3443565,1.8204752,0.80657,26,700
c12e,1700353919450958,5.3266716,1.8243141,0.79851359,25,710
c12e,1700353920450851,5.3158092,1.8263999,0.78913343,24,720
c12e,1700353921451494,5.3159184,1.840488,0.77792281,23,730
c12e,1700353922450821,5.3189106,1.8355441,0.78763294,28,740
c12e,1700353923450846,5.332962,1.845615,0.78069854,25,750
c12e,1700353924450846,5.3202391,1.8329329,0.78866088,28,760
c12e,1700353925450820,5.3251328,1.8355891,0.76626241,21,770
c12e,1700353926451294,5.3019052,1.8372816,0.77030319,25,780
c12e,1700353927450818,5.301259,1.8273379,0.77912313,27,790
c12e,1700353928451024,5.3066621,1.8278295,0.77983564,26,800
c12e,1700353929450862,5.3118582,1.8437275,0.77345943,24,810
c12e,1700353930450934,5.3251853,1.830031,0.796182,32,820
c12e,1700353931453713,5.3031778,1.8234041,0.7876628,24,830
c12e,1700353932451354,5.3072662,1.8352278,0.78247136,25,840
c12e,1700353933451220,5.3070478,1.8367176,0.7732569,23,850
c12e,1700353934451206,5.3104167,1.8363794,0.78141338,28,860
c12e,1700353935451640,5.3233013,1.8331133,0.79408914,30,870
c12e,1700353936450966,5.3305812,1.8379472,0.78231061,24,880
c12e,1700353937451193,5.3083386,1.8441881,0.78876734,27,890
c12e,1700353938451268,5.3072586,1.8341864,0.80882233,32,900
c12e,1700353939450846,5.3065062,1.8381861,0.79793382,25,910
c12e,1700353940450865,5.3168063,1.8345871,0.81500357,32,920
c12e,1700353941451336,5.3182783,1.8487236,0.80974132,27,930
c12e,1700353942450932,5.3191891,1.8483244,0.8146826,29,940
c12e,1700353943451748,5.3197284,1.8479893,0.80265319,25,950
c12e,1700353944451812,5.326108,1.8337696,0.80368173,28,960
c12e,1700353945451068,5.3188195,1.8416116,0.79147333,24,970
c12e,1700353946450827,5.3019838,1.8286463,0.802221,29,980
c12e,1700353947451844,5.2958369,1.8311734,0.7960574,25,990
c12e,1700353948451828,5.2918229,1.8337656,0.78260469,23,1000
c12e,1700353949451497,5.3036385,1.8451796,0.77318764,24,1010
c12e,1700353950450965,5.2922807,1.8421887,0.77910686,26,1020
c12e,1700353951450960,5.314013,1.84392,0.77320886,25,1030
c12e,1700353952452386,5.3083463,1.849991,0.76788551,24,1040
c12e,1700353953451029,5.3252664,1.8587354,0.75725651,23,1050
c12e,1700353954451325,5.32783,1.864684,0.75142562,23,1060
c12e,1700353955451719,5.3311219,1.8456606,0.7703765,29,1070
c12e,1700353956450897,5.3272505,1.8330363,0.79153156,31,1080
c12e,1700353957463811,5.3134108,1.8359588,0.78633338,25,1090
c12e,1700353958451074,5.3277717,1.8311945,0.78567868,27,1100
c12e,1700353959450978,5.3197761,1.8301204,0.79073292,27,1110
c12e,1700353960451831,5.3215351,1.8284112,0.78645939,25,1120
c12e,1700353961451408,5.3267426,1.8477851,0.78087127,25,1130
c12e,1700353962452448,5.3198352,1.8433331,0.79395461,29,1140
c12e,1700353963451151,5.30634,1.8407637,0.79234809,26,1150
c12e,1700353964450942,5.2868209,1.8389624,0.79106563,25,1160
c12e,1700353965454932,5.2880473,1.8359917,0.79891992,28,1170
c12e,1700353966451083,5.310163,1.8385122,0.77574074,22,1180
c12e,1700353967461255,5.30103,1.8467033,0.781294,27,1190
c12e,1700353968451005,5.3003321,1.8317647,0.80352455,32,1200
c12e,1700353969451273,5.3139868,1.8369381,0.80292869,28,1210
c12e,1700353970451040,5.2941413,1.8456874,0.79769975,25,1220
c12e,1700353971451514,5.3145766,1.8320004,0.80300206,29,1230
c12e,1700353972451672,5.3087616,1.8212924,0.80898696,29,1240
c12e,1700353973451124,5.328022,1.8392723,0.80230039,26,1250
c12e,1700353974451226,5.3027954,1.8284411,0.8116228,29,1260
c12e,1700353975451560,5.3231187,1.8365445,0.80523908,27,1270
c12e,1700353976451798,5.3212543,1.8473121,0.79678482,25,1280
c12e,1700353977451137,5.3203135,1.8494648,0.79034489,25,1290
c12e,1700353978451164,5.3147731,1.8407749,0.78435463,25,1300
c12e,1700353979451082,5.3171568,1.8364776,0.7896108,28,1310
c12e,1700353980451781,5.3120193,1.8377054,0.78286135,24,1320
c12e,1700353981451932,5.3283758,1.8311456,0.79475135,30,1330
c12e,1700353982451292,5.3306489,1.829964,0.79990494,28,1340
c12e,1700353983451988,5.3021088,1.8265328,0.80335063,27,1350
c12e,1700353984451204,5.3230095,1.8307097,0.8029142,28,1360
c12e,1700353985451638,5.3658552,1.8541054,0.79328948,26,1370
c12e,1700353986451662,5.3435407,1.8437171,0.79830056,28,1380
c12e,1700353987451491,5.3315768,1.8587995,0.78277349,23,1390
c12e,1700353988451139,5.3454494,1.8660085,0.77292651,24,1400
c12e,1700353989451110,5.3223238,1.8448871,0.7953527,30,1410
c12e,1700353990451362,5.3365459,1.8387152,0.80505121,30,1420
c12e,1700353991451174,5.3274965,1.843079,0.79720795,25,1430
c12e,1700353992451696,5.32897,1.8447418,0.78237832,23,0
c12e,1700353993451134,5.2997031,1.8130782,0.80309683,30,10
c12e,1700353994451125,100,100,100,0,20
c12e,1700353995451269,5.3202338,1.8038572,0.80596244,29,30
c12e,1700353996451190,5.32054,1.823522,0.79614806,25,40
c12e,1700353997451196,5.3371968,1.8342971,0.79945517,28,50
c12e,1700353998451172,5.3208122,1.8376579,0.79718083,26,60
c12e,1700353999451218,5.3198905,1.8355902,0.7935909,26,70
c12e,1700354000452870,5.2948079,1.8272541,0.8115986,30,80
c12e,1700354001453417,5.3220615,1.8312182,0.81859416,30,90
c12e,1700354002451654,5.3249512,1.8475865,0.81599993,28,100
c12e,1700354003451157,5.3314619,1.8371198,0.81444538,28,110
c12e,1700354004451321,5.3177314,1.8280184,0.81221825,27,120
c12e,1700354005451678,5.3316779,1.8444571,0.79537171,24,130
c12e,1700354006451188,5.3250923,1.84517,0.79858512,28,140
c12e,1700354007451438,5.3271832,1.8375959,0.804931,29,150
c12e,1700354008452093,5.3460546,1.8470776,0.78916252,24,160
c12e,1700354009453612,5.3360939,1.8441266,0.78021348,24,170
c12e,1700354010452121,5.345274,1.8331864,0.80097896,32,180
c12e,1700354011451416,5.3349428,1.8462852,0.79796547,26,190
c12e,1700354012451504,5.3465962,1.8536797,0.78251731,23,200
c12e,1700354013451531,5.3555984,1.8554844,0.77955246,26,210
c12e,1700354014451434,5.3562775,1.8525331,0.78979367,29,220
c12e,1700354015451824,5.3559833,1.8400432,0.79171264,27,230
c12e,1700354016451259,5.3438563,1.8388991,0.79181516,27,240
c12e,1700354017451302,5.3379178,1.8307408,0.79936928,29,250
c12e,1700354018461430,5.325376,1.8342359,0.8093155,29,260
c12e,1700354019456695,5.3262525,1.8352817,0.82114893,31,270
c12e,1700354020452203,5.3160105,1.8508915,0.81194651,26,280
c12e,1700354021451200,5.3101258,1.8378435,0.82877415,32,290
c12e,1700354022451449,5.3037663,1.8321288,0.81568539,25,300
c12e,1700354023451262,5.3237457,1.8333684,0.79478174,23,310
c12e,1700354024451740,5.3218474,1.841246,0.78213167,23,320
c12e,1700354025451590,5.3171864,1.8317641,0.78781736,27,330
c12e,1700354026451252,5.3147926,1.8304594,0.78595883,26,340
c12e,1700354027451554,5.2905173,1.8356916,0.77514583,22,350
c12e,1700354028451368,5.3128066,1.8303223,0.7859118,29,360
c12e,1700354029451221,5.3239808,1.8380311,0.80059165,30,370
c12e,1700354030451419,5.3304243,1.8512452,0.79409647,26,380
c12e,1700354031451652,5.3182158,1.8358309,0.80675638,30,390
c12e,1700354032462422,5.3157125,1.8249171,0.81609684,30,400
c12e,1700354033451466,5.3332353,1.8419908,0.8076328,26,410
c12e,1700354034451304,5.305284,1.8458235,0.79702103,24,420
c12e,1700354035451598,5.3014975,1.8447843,0.80045825,28,430
c12e,1700354036451354,5.2909341,1.8447682,0.77821183,21,440
c12e,1700354037453195,5.2910919,1.8425545,0.79227859,29,450
c12e,1700354038451452,5.2831607,1.835903,0.80335647,29,460
c12e,1700354039451477,5.3016982,1.8326722,0.79882717,27,470
c12e,1700354040451505,5.3034358,1.8429897,0.784498,23,480
c12e,1700354041451330,5.3238573,1.850437,0.77519673,24,490
c12e,1700354042451410,5.3290849,1.8444371,0.78897291,29,500
c12e,1700354043451428,5.317368,1.8496836,0.77336442,22,510
c12e,1700354044451398,5.3026447,1.8477638,0.7762686,25,520
c12e,1700354045451417,5.3136797,1.8416889,0.788716,29,530
c12e,1700354046451463,5.3249598,1.831924,0.79276061,28,540
c12e,1700354047452434,5.3183475,1.8471012,0.76333582,19,550
c12e,1700354048451600,5.3299809,1.8476675,0.76954293,27,560
c12e,1700354049451356,5.3265414,1.8475529,0.78475285,29,570
c12e,1700354050451356,5.31266,1.8335117,0.781392,25,580
c12e,1700354051451382,5.3108435,1.8457545,0.78813761,28,590
c12e,1700354052453008,5.2903724,1.8325495,0.79990053,28,600
c12e,1700354053451418,5.2903805,1.8370212,0.79963791,27,610
c12e,1700354054451752,5.2998676,1.8365682,0.7989409,27,620
c12e,1700354055451408,5.3002968,1.8348564,0.799448,27,630
c12e,1700354056451680,5.3026028,1.834991,0.79557526,26,640
c12e,1700354057451686,5.3149443,1.8356633,0.7882688,25,650
c12e,1700354058451703,5.3107691,1.8311547,0.78181732,24,660
c12e,1700354059451432,5.3235025,1.844599,0.77576303,25,670
c12e,1700354060451572,5.3078775,1.8345417,0.79293209,29,680
c12e,1700354061453293,5.3204517,1.8531342,0.78043014,24,690
c12e,1700354062455412,5.3208637,1.8487077,0.7907024,29,700
c12e,1700354063451412,5.3192635,1.8557462,0.77723354,23,710
c12e,1700354064452806,5.3124094,1.8463577,0.78557128,28,720
c12e,1700354065451447,5.3085494,1.8480781,0.77595127,23,730
c12e,1700354066454528,5.3031311,1.8400742,0.80198705,32,740
c12e,1700354067451539,5.2828746,1.8340946,0.80459625,27,750
c12e,1700354068451834,5.2846479,1.8381916,0.80913073,28,760
c12e,1700354069451505,5.2684631,1.8320589,0.81913006,29,770
c12e,1700354070451956,5.2705011,1.8301301,0.8196491,28,780
c12e,1700354071451497,5.2738686,1.8456275,0.80307752,24,790
c12e,1700354072451796,5.2738667,1.8408891,0.78717846,23,800
c12e,1700354073452230,5.3179383,1.8295991,0.79356283,29,810
c12e,1700354074454871,5.3149223,1.834746,0.79032117,26,820
c12e,1700354075455464,5.2957759,1.8447655,0.78903687,25,830
c12e,1700354076451821,5.3004594,1.8329262,0.79454648,28,840
c12e,1700354077451538,5.303719,1.843851,0.79176795,26,850
c12e,1700354078452345,5.3189869,1.8444974,0.79184955,27,860
c12e,1700354079452017,5.3251114,1.8421319,0.79454696,28,870
c12e,1700354080451545,5.3300695,1.8439902,0.78000766,23,880
c12e,1700354081451880,5.3126211,1.8420095,0.78116769,25,890
c12e,1700354082451584,5.3342304,1.8386304,0.78892606,29,900
c12e,1700354083451576,5.3314896,1.8226486,0.80422056,30,910
c12e,1700354084452083,5.3402505,1.8359326,0.80116129,27,920
c12e,1700354085451526,5.3384109,1.8220396,0.81301296,30,930
c12e,1700354086451905,5.328918,1.8313122,0.80220395,25,940
c12e,1700354087453212,5.3420815,1.8416294,0.80217677,28,950
c12e,1700354088451722,5.3311429,1.8322881,0.81912369,32,960
c12e,1700354089459033,5.3358383,1.8299543,0.8069821,25,970
c12e,1700354090452371,5.3164673,1.8344543,0.80542749,27,980
c12e,1700354091451768,5.3191524,1.8296456,0.81630623,30,990
c12e,1700354092451685,5.3222122,2.3186347,0.57224452,88,1000
c12e,1700354093452068,5.3301129,2.2006104,0.62168026,25,1010
c12e,1700354094451891,5.3124447,2.1213517,0.65470934,23,1020
c12e,1700354095451646,5.2993097,2.0448713,0.68822277,26,1030
c12e,1700354096452790,5.317987,1.9835677,0.7199232,29,1040
c12e,1700354097452546,5.3205538,1.938388,0.73823732,27,1050
c12e,1700354098452620,5.3141685,1.9208227,0.74344,24,1060
c12e,1700354099451723,5.3254056,1.8897489,0.75488245,27,1070
c12e,1700354100451762,5.3282418,1.863837,0.77814084,30,1080
c12e,1700354101453336,5.3330731,1.8514608,0.78121561,27,1090
c12e,1700354102451632,5.3395591,1.8502253,0.78410631,27,1100
c12e,1700354103451732,5.3120546,1.8394113,0.78584629,25,1110
c12e,1700354104451824,5.3060675,1.8399903,0.79415363,28,1120
c12e,1700354105452006,5.2989221,1.8404168,0.78902519,25,1130
c12e,1700354106452951,5.2869,1.8386192,0.78741086,25,1140
c12e,1700354107455834,5.2934,1.8376658,0.76153731,20,1150
c12e,1700354108451710,5.2953353,1.832063,0.77639544,28,1160
c12e,1700354109451751,5.2944064,1.8403645,0.76545441,22,1170
c12e,1700354110452816,5.2963648,1.8398628,0.76549,25,1180
c12e,1700354111451635,5.3049865,1.8293722,0.78828716,31,1190
c12e,1700354112452254,5.3004055,1.8339144,0.79010314,27,1200
c12e,1700354113452631,5.306314,1.8461094,0.77645218,23,1210
c12e,1700354114452739,5.3151116,1.8286521,0.781263,27,1220
c12e,1700354115451839,5.3268666,1.828757,0.79196715,29,1230
c12e,1700354116451862,5.3355923,1.8383542,0.78334183,25,1240
c12e,1700354117451751,5.343823,1.8359697,0.78740072,28,1250
c12e,1700354118451712,5.3326535,1.827876,0.79590565,28,1260
c12e,1700354119452448,5.33846,1.8347526,0.80612713,30,1270
c12e,1700354120452868,5.3506346,1.8487252,0.78948981,24,1280
c12e,1700354121454477,5.3350797,1.8544064,0.7659176,20,1290
c12e,1700354122452561,5.3158393,1.8483794,0.77464944,27,1300
c12e,1700354123451855,5.3297224,1.8597161,0.769175,24,1310
c12e,1700354124451876,5.3151975,1.8537626,0.77251327,25,1320
c12e,1700354125452431,5.3150554,1.8440655,0.78210062,28,1330
c12e,1700354126454455,5.2958894,1.8304652,0.79186463,28,1340
c12e,1700354127452667,5.3087544,1.8544008,0.7897166,26,1350
c12e,1700354128451896,5.3133779,1.866603,0.78284842,25,1360
c12e,1700354129451766,5.3213186,1.8550686,0.79072779,28,1370
c12e,1700354130451758,5.3248229,1.8604313,0.778438,23,1380
c12e,1700354131452570,5.3050795,1.8472382,0.79875129,30,1390
c12e,1700354132451756,5.2829757,1.8409396,0.80047482,26,1400
c12e,1700354133451764,100,100,100,0,1410
c12e,1700354134452802,5.3037972,1.8474401,0.80129635,28,1420
c12e,1700354135452343,5.3123927,1.8480138,0.79689437,26,1430
c12e,1700354136451871,5.3183446,1.8581992,0.7735492,21,0
c12e,1700354137452226,5.2973814,1.8586737,0.773696,24,10
c12e,1700354138451842,5.3058267,1.8631293,0.76965594,24,20
c12e,1700354139451829,5.282208,1.8565656,0.77993524,27,30
c12e,1700354140452390,5.291831,1.8453572,0.78251505,27,40
c12e,1700354141452153,5.2978797,1.8569143,0.77588063,24,50
c12e,1700354142451872,5.3010883,1.8413035,0.78384703,28,60
c12e,1700354143452220,5.311729,1.8367881,0.78658628,27,70
c12e,1700354144451795,5.3048015,1.8344042,0.79790026,29,80
c12e,1700354145451816,5.3135014,1.8456928,0.77890861,22,90
c12e,1700354146451960,5.3149405,1.8497201,0.77882493,26,100
c12e,1700354147452647,5.3168535,1.8461131,0.78353953,27,110
c12e,1700354148452565,5.2973304,1.8525902,0.77322179,22,120
c12e,1700354149453034,5.2839394,1.8566438,0.7778905,26,130
c12e,1700354150451828,5.2962112,1.8519527,0.77175045,24,140
c12e,1700354151453702,5.3057537,1.8425524,0.77295047,26,150
c12e,1700354152452550,5.3309064,1.8332511,0.78861457,30,160
c12e,1700354153451911,5.3458266,1.8401154,0.79767978,29,170
c12e,1700354154452736,5.3272567,1.8360907,0.79195285,25,180
c12e,1700354155451995,5.3152752,1.8361573,0.81534344,32,190
c12e,1700354156452791,5.3120165,1.8367075,0.80290675,25,200
c12e,1700354157452392,5.3194914,1.8362736,0.79896176,27,210
c12e,1700354158452048,5.3162012,1.8303494,0.81127518,30,220
c12e,1700354159451993,5.3352432,1.8350002,0.8008768,26,230
c12e,1700354160452256,5.3337722,1.8327332,0.78528291,23,240
c12e,1700354161452547,5.3282218,1.840764,0.78487635,26,250
c12e,1700354162452047,5.3291936,1.8290507,0.78586477,26,260
c12e,1700354163452066,5.3137164,1.8471445,0.77561015,23,270
c12e,1700354164452250,5.3161149,1.8500584,0.77328151,25,280
c12e,1700354165452577,5.3171725,1.8449339,0.78342509,28,290
c12e,1700354166452008,5.2945795,1.8435199,0.77276313,22,300
c12e,1700354167453226,5.3047132,1.8371111,0.78849715,30,310
c12e,1700354168452014,5.2750125,1.841554,0.78765428,24,320
c12e,1700354169452019,5.268044,1.8394736,0.78460765,25,330
c12e,1700354170452042,5.2856379,1.839817,0.78144681,25,340
c12e,1700354171454315,5.3026781,1.8370646,0.77859569,25,350
c12e,1700354172453236,5.3092275,1.8335954,0.7753408,25,360
c12e,1700354173454917,5.3204589,1.8442384,0.77014625,24,370
c12e,1700354174452812,5.3094964,1.8480597,0.755667,21,380
c12e,1700354175452066,5.3089209,1.8544561,0.76974463,28,390
c12e,1700354176452756,5.3099828,1.8460004,0.77415609,26,400
c12e,1700354177452112,5.2994452,1.8479257,0.78035641,27,410
c12e,1700354178452138,5.2974658,1.8544916,0.77132088,23,420
c12e,1700354179452140,5.3072867,1.837394,0.79046971,30,430
c12e,1700354180452581,5.3144007,1.8470913,0.7937935,28,440
c12e,1700354181452164,5.3348827,1.8445904,0.78767854,26,450
c12e,1700354182452864,5.3487344,1.8341794,0.80507928,32,460
c12e,1700354183452314,5.3406339,1.8301337,0.809434,29,470
c12e,1700354184452194,5.3366308,1.8350857,0.80543292,27,480
c12e,1700354185452139,5.3242517,1.8418839,0.79804796,25,490
c12e,1700354186452730,5.3271217,1.8460776,0.7781654,22,500
c12e,1700354187452430,5.3248086,1.8347307,0.79323423,30,510
c12e,1700354188452505,5.3360515,1.8420327,0.79872662,29,520
c12e,1700354189453270,5.3421073,1.8401389,0.78364486,23,530
c12e,1700354190452184,5.349946,1.8409765,0.79440588,29,540
c12e,1700354191452167,5.3458915,1.8409994,0.79877055,28,550
c12e,1700354192455755,5.3487558,1.8512235,0.79344779,26,560
c12e,1700354193454130,5.3342371,1.8366255,0.81295228,32,570
c12e,1700354194452502,5.3162417,1.8364681,0.80382371,25,580
c12e,1700354195452148,5.3218088,1.8382983,0.79488319,25,590
c12e,1700354196452260,5.3280783,1.830936,0.80170882,29,600
c12e,1700354197452177,5.335474,1.8363003,0.79366237,25,610
c12e,1700354198455228,5.3483968,1.8322285,0.80157804,29,620
c12e,1700354199452814,5.3452778,1.8446953,0.80016047,27,630
c12e,1700354200453252,5.336339,1.8423703,0.79610962,26,640
c12e,1700354201452269,5.3130007,1.8364254,0.79412037,25,650
c12e,1700354202452176,5.313035,1.8435191,0.795372,27,660
c12e,1700354203452420,5.2854166,1.8448052,0.78789771,23,670
c12e,1700354204452776,5.3052368,1.8496193,0.78895646,27,680
c12e,1700354205452245,5.3055034,1.8467712,0.77908874,24,690
c12e,1700354206453022,5.3083763,1.8380022,0.7800591,26,700
c12e,1700354207452390,5.3033895,1.8352225,0.78288585,26,710
c12e,1700354208452390,5.309628,1.8440307,0.78638655,27,720
c12e,1700354209452854,5.3140364,1.8425134,0.77832073,24,730
c12e,1700354210452290,5.3109455,1.8400432,0.7829901,27,740
c12e,1700354211452670,5.3058109,1.8337578,0.781104,25,750
c12e,1700354212452247,5.5395303,1.8320569,0.84164035,49,760
c12e,1700354213453360,5.504467,1.8450832,0.82742012,27,770
c12e,1700354214454296,5.46402,1.8447328,0.808576,24,780
c12e,1700354215452586,5.4285989,1.8298731,0.80500412,27,790
c12e,1700354216452265,5.3858681,1.8403485,0.78648412,22,800
c12e,1700354217452210,5.36776,1.8376079,0.78375477,25,810
c12e,1700354218460430,5.3795676,1.8410945,0.76919329,23,820
c12e,1700354219453035,5.362021,1.8322719,0.7709893,25,830
c12e,1700354220455317,5.3703041,1.8349869,0.78038216,28,840
c12e,1700354221452512,5.3508544,1.8306682,0.7761361,24,850
c12e,1700354222452722,5.3260303,1.8372208,0.76991677,23,860
c12e,1700354223453334,5.3417716,1.8358227,0.783704,29,870
c12e,1700354224452393,5.3131514,1.827284,0.79563379,28,880
c12e,1700354225454890,5.3162217,1.8396075,0.78630936,24,890
c12e,1700354226452723,5.3117661,1.8444941,0.784208,25,900
c12e,1700354227452762,5.3044639,1.8416102,0.79019511,27,910
c12e,1700354228452880,5.320652,2.3292248,0.55663359,88,920
c12e,1700354229452316,5.3019238,2.2141182,0.61338246,25,930
c12e,1700354230453103,5.2848921,2.1167145,0.65361613,24,940
c12e,1700354231452374,5.3008585,2.0470316,0.69564837,29,950
c12e,1700354232452718,5.3089213,1.9904882,0.7317304,30,960
c12e,1700354233452464,5.3047557,1.9539984,0.74843138,27,970
c12e,1700354234452797,5.2971163,1.9128532,0.76882941,29,980
c12e,1700354235452382,5.2873874,1.8907094,0.77289659,25,990
c12e,1700354236453045,5.2950468,1.8827554,0.76564384,23,1000
c12e,1700354237452340,5.2980213,1.8665798,0.77823764,28,1010
c12e,1700354238453118,5.3263421,1.8563697,0.79744929,32,1020
c12e,1700354239452395,5.3356867,1.8502864,0.80705059,30,1030
c12e,1700354240452677,5.3336945,1.8502022,0.81145012,29,1040
c12e,1700354241452492,5.3086481,1.844604,0.81304413,27,1050
c12e,1700354242453613,5.3180213,1.8562056,0.801608,25,1060
c12e,1700354243453096,5.300436,1.854897,0.78920609,23,1070
c12e,1700354244452393,5.2888694,1.8465638,0.79331195,27,1080
c12e,1700354245452556,5.2913084,1.8482298,0.78555542,24,1090
c12e,1700354246452646,5.273385,1.8327621,0.78655541,25,1100
c12e,1700354247456612,5.2872834,1.8348097,0.78128773,25,1110
c12e,1700354248452591,5.293407,1.8334326,0.77603447,24,1120
c12e,1700354249454363,5.2921405,1.8310673,0.78085935,27,1130
c12e,1700354250452734,5.3086543,1.8385952,0.79078114,29,1140
c12e,1700354251453553,5.307425,1.8407698,0.7912603,27,1150
c12e,1700354252452497,5.30327,1.8431754,0.78725517,25,1160
c12e,1700354253452776,5.2963324,1.8383381,0.78006679,24,1170
c12e,1700354254452564,5.2903676,1.8260447,0.78864533,28,1180
c12e,1700354255453298,5.3050537,1.8319378,0.79294008,28,1190
c12e,1700354256452530,5.2993808,1.8373331,0.8017267,29,1200
c12e,1700354257452510,5.3039761,1.8442048,0.79113835,24,1210
c12e,1700354258453361,5.31116,1.8522513,0.7865622,25,1220
c12e,1700354259452673,5.3052726,1.8364592,0.79482377,28,1230
c12e,1700354260452517,5.3016682,1.8347318,0.78507942,24,1240
c12e,1700354261453709,5.3099804,1.8377416,0.77803975,24,1250
c12e,1700354262454864,5.29427,1.8366143,0.77739674,25,1260
c12e,1700354263452518,5.3092728,1.8308938,0.76881564,24,1270
c12e,1700354264452445,5.2976937,1.8358514,0.76003724,22,1280
c12e,1700354265453118,5.2816472,1.8338408,0.77448452,27,1290
c12e,1700354266452557,5.28457,1.8321754,0.79041916,29,1300
c12e,1700354267452889,5.27798,1.8324356,0.79203051,26,1310
c12e,1700354268452643,5.3184252,1.8290007,0.78362483,25,1320
c12e,1700354269452774,5.3170285,1.8409928,0.76816553,22,1330
c12e,1700354270452847,5.3119659,1.8258865,0.785666,29,1340
c12e,1700354271453457,5.3029127,1.8320645,0.78176111,25,1350
c12e,1700354272453472,5.3013592,1.8351339,0.77600056,24,1360
c12e,1700354273452614,5.3119283,1.8409722,0.78068352,27,1370
c12e,1700354274452548,5.3350286,1.8393152,0.79240566,30,1380
c12e,1700354275454178,5.3328314,1.8272659,0.79271114,27,1390
c12e,1700354276452576,5.3089309,1.8259026,0.796808,27,1400
c12e,1700354277452556,5.2975869,1.8277483,0.8025158,28,1410
c12e,1700354278452884,5.3065538,1.8383852,0.80686152,29,1420
c12e,1700354279453421,5.3061361,1.8267117,0.808316,28,1430
c12e,1700354280453402,5.3006792,1.8260748,0.80920112,28,0
c12e,1700354281452632,5.2773385,1.8235017,0.79705405,23,10
c12e,1700354282452580,5.2883363,1.8330723,0.7904098,25,20
c12e,1700354283453130,5.2711506,1.8398849,0.78518182,24,30
c12e,1700354284452608,5.2892981,1.8364503,0.78659832,27,40
c12e,1700354285452598,5.3142667,1.8258022,0.79729891,30,50
c12e,1700354286453468,5.3181973,1.8332884,0.800083,28,60
c12e,1700354287452613,5.3263884,1.8477916,0.7821244,23,70
c12e,1700354288452607,5.3101125,1.8330717,0.78478068,26,80
c12e,1700354289452929,5.3189974,1.8298637,0.78624493,27,90
c12e,1700354290452720,5.3172979,1.8363973,0.77683026,24,100
c12e,1700354291452846,5.3364196,1.8446863,0.777939,27,110
c12e,1700354292453905,5.3389316,1.8540676,0.77234483,24,120
c12e,1700354293452758,5.3408508,1.8424994,0.76335961,23,130
c12e,1700354294454638,5.3178687,1.837176,0.76241755,24,140
c12e,1700354295452889,5.3328838,1.8423934,0.75401908,23,150
c12e,1700354296454016,5.3249784,1.8333781,0.76779324,28,160
c12e,1700354297452790,5.3191791,1.8376014,0.77508271,27,170
c12e,1700354298453388,5.32707,1.836839,0.76428121,23,180
c12e,1700354299452532,5.3126893,1.8314095,0.76603585,25,190
c12e,1700354300452605,5.30639,1.839134,0.76265907,24,200
c12e,1700354301452602,5.2974524,1.8258613,0.77271247,27,210
c12e,1700354302453568,5.2988024,1.8445787,0.76809531,24,220
c12e,1700354303452816,5.2771697,1.8323487,0.77879244,26,230
c12e,1700354304452728,5.2872276,1.8375038,0.77782625,25,240
c12e,1700354305453101,5.2950373,1.8540576,0.76654953,23,250
c12e,1700354306452920,5.2960558,1.8480375,0.78321332,29,260
c12e,1700354307454017,5.2847285,1.8436024,0.78404087,25,270
c12e,1700354308452976,5.2910948,1.8270472,0.79602891,29,280
c12e,1700354309452782,5.2934403,1.8321021,0.78751791,24,290
c12e,1700354310453464,5.277194,1.8398501,0.79536873,27,300
c12e,1700354311453091,5.2922916,1.8225033,0.79561114,27,310
c12e,1700354312452719,5.2800994,1.8259239,0.78782743,24,320
c12e,1700354313452703,5.3110051,1.8360232,0.79877406,30,330
c12e,1700354314452752,5.3000131,1.8264813,0.799924,27,340
c12e,1700354315453558,5.3148866,1.8263113,0.79325777,26,350
c12e,1700354316467227,5.3193178,1.8476975,0.78826249,25,360
c12e,1700354317452998,5.3046641,1.8507,0.78538162,25,370
c12e,1700354318452684,5.309062,1.8504888,0.76816756,22,380
c12e,1700354319455582,5.3251915,1.8516469,0.76322812,24,390
c12e,1700354320452836,5.3047743,1.8477817,0.76354015,24,400
c12e,1700354321453073,5.2931757,1.843369,0.766954,25,410
c12e,1700354322452769,5.296618,1.8407025,0.78019303,28,420
c12e,1700354323452700,5.3214345,1.8361518,0.78237724,27,430
c12e,1700354324453476,5.3149829,1.829438,0.788298,27,440
c12e,1700354325456741,5.3043041,1.8339838,0.77711195,23,450
c12e,1700354326452790,5.3366551,1.8539679,0.76496744,23,460
c12e,1700354327452702,5.3159871,1.840651,0.77025849,25,470
c12e,1700354328453932,5.2929316,1.832329,0.78172433,27,480
c12e,1700354329452760,5.287817,1.8428544,0.77509308,24,490
c12e,1700354330454320,5.3031526,1.8357604,0.78281343,28,500
c12e,1700354331453494,5.2931323,1.8225673,0.78523642,26,510
c12e,1700354332452722,5.2968235,1.8368454,0.78403038,26,520
c12e,1700354333452791,5.30627,1.8408146,0.781141,25,530
c12e,1700354334453299,5.3211379,1.8277397,0.79587221,30,540
c12e,1700354335453010,5.3270578,1.8361756,0.78292781,24,550
c12e,1700354336453308,5.3218255,1.8368186,0.80225796,31,560
c12e,1700354337453117,5.329041,1.8481787,0.78660768,23,570
c12e,1700354338452828,5.3395305,1.8462374,0.78389865,26,580
c12e,1700354339453710,5.3417206,1.8311621,0.79950672,30,590
c12e,1700354340453006,5.3171186,1.8324506,0.79662913,25,600
c12e,1700354341458277,5.3216047,1.8412256,0.78574419,24,610
c12e,1700354342453791,5.3153615,1.8312265,0.803828,31,620
c12e,1700354343452933,5.3087497,1.8441398,0.79973751,26,630
c12e,1700354344453240,5.299818,1.8562285,0.78284752,22,640
c12e,1700354345454953,5.2886729,1.8586032,0.77963591,24,650
c12e,1700354346452805,5.2804651,1.8545178,0.79502809,29,660
c12e,1700354347453204,5.2872829,1.8637433,0.79336756,26,670
c12e,1700354348453575,5.2792945,1.8590136,0.7768876,22,680
c12e,1700354349457302,5.292028,1.8515871,0.78181678,27,690
c12e,1700354350454118,5.3099914,1.8379864,0.79540062,30,700
c12e,1700354351453798,5.3049283,1.8293954,0.80031556,28,710
c12e,1700354352454338,5.2998176,1.8361479,0.80417168,28,720
c12e,1700354353452905,5.3064308,1.8403282,0.80438226,28,730
c12e,1700354354452942,5.2913618,1.8372289,0.81713766,30,740
c12e,1700354355453019,5.2977057,1.8257023,0.80964792,26,750
c12e,1700354356453056,5.3058434,1.8354151,0.80638248,27,760
c12e,1700354357454194,5.3109674,1.8449123,0.80507088,27,770
c12e,1700354358453079,5.2917361,1.8450168,0.80226558,26,780
c12e,1700354359454828,5.3053045,1.841737,0.795422,26,790
c12e,1700354360452972,5.3110228,1.8349764,0.79680103,27,800
c12e,1700354361453826,5.3164887,1.8423786,0.78884381,25,810
c12e,1700354362452951,5.3142915,1.8391511,0.78574497,25,820
c12e,1700354363453200,5.3239927,1.8324543,0.80978864,33,830
c12e,1700354364453669,5.3177075,1.8428438,0.79695731,24,840
c12e,1700354365456310,5.3134007,1.8273007,0.80911481,30,850
c12e,1700354366453010,5.3263831,1.8365016,0.79899973,25,860
c12e,1700354367453002,5.3317723,1.842724,0.7929067,26,870
c12e,1700354368453162,5.3153381,1.841773,0.78958863,25,880
c12e,1700354369453764,5.3310633,1.840693,0.79082561,27,890
c12e,1700354370453100,5.3214064,1.8431183,0.79077655,26,900
c12e,1700354371453138,5.3038425,1.8291751,0.80881,30,910
c12e,1700354372453414,5.2948527,1.8248255,0.79081041,22,920
c12e,1700354373453218,5.3010783,1.8273784,0.77901852,23,930
c12e,1700354374454400,5.28854,1.8295742,0.77891928,25,940
c12e,1700354375454001,5.3007774,1.8382847,0.78703052,28,950
c12e,1700354376453334,5.3093576,1.838167,0.77661061,24,960
c12e,1700354377453172,5.2982759,1.8355231,0.79332161,29,970
c12e,1700354378453357,5.3057957,1.8398504,0.79419762,27,980
c12e,1700354379453108,5.3124032,1.8327794,0.79279828,27,990
c12e,1700354380455433,5.3139892,1.8319528,0.79416883,27,1000
c12e,1700354381453357,5.3212729,1.8393158,0.799264,28,1010
c12e,1700354382453508,5.3201914,1.8353763,0.79712778,27,1020
c12e,1700354383453145,5.3211107,1.828827,0.80420107,29,1030
c12e,1700354384453114,5.309515,1.8484169,0.79098,23,1040
c12e,1700354385453058,5.3019705,1.8482152,0.78851616,25,1050
c12e,1700354386453420,5.2819381,1.8395464,0.80153418,29,1060
c12e,1700354387453340,5.2742558,1.843141,0.79579037,25,1070
c12e,1700354388453250,5.282362,1.838366,0.80483788,29,1080
c12e,1700354389454063,5.3077521,1.8483992,0.80017763,27,1090
c12e,1700354390453171,5.2849555,1.8440827,0.81055629,29,1100
c12e,1700354391453511,5.2983952,1.8543769,0.79803193,25,1110
c12e,1700354392453290,5.3016715,1.8429289,0.78961205,25,1120
c12e,1700354393453995,5.3138022,1.8534706,0.781955,25,1130
c12e,1700354394453155,5.3097725,1.8490266,0.78884161,28,1140
c12e,1700354395453232,5.296813,1.8406559,0.79088688,26,1150
c12e,1700354396453554,5.3010135,1.8393047,0.78509778,25,1160
c12e,1700354397453147,5.3070955,1.8367416,0.776466,24,1170
c12e,1700354398453606,5.3016834,1.8189383,0.78546721,28,1180
c12e,1700354399453036,5.3001208,1.8121275,0.79067856,27,1190
c12e,1700354400453061,5.2859015,1.8144178,0.78318727,24,1200
c12e,1700354401453049,5.27277,1.834782,0.77716208,23,1210
c12e,1700354402453633,5.2839794,1.8258601,0.76510328,22,1220
c12e,1700354403453275,5.2935319,1.8333602,0.77820551,28,1230
c12e,1700354404453258,5.2785039,1.8312477,0.78911841,28,1240
c12e,1700354405454086,5.283669,1.8329738,0.76992524,21,1250
c12e,1700354406453378,5.3129554,1.8406446,0.76293296,24,1260
c12e,1700354407453128,5.3052883,1.8336008,0.77527618,28,1270
c12e,1700354408453534,5.3186984,1.8360994,0.78063715,27,1280
c12e,1700354409454050,5.3155828,1.8425778,0.77672374,25,1290
c12e,1700354410453299,5.3196526,1.8356149,0.7846207,28,1300
c12e,1700354411453312,5.31032,1.8215144,0.77889991,24,1310
c12e,1700354412453205,5.3263836,1.8306488,0.7799688,27,1320
c12e,1700354413457592,5.3097453,1.8283569,0.78610635,27,1330
c12e,1700354414453217,5.2897916,1.827441,0.78728986,25,1340
c12e,1700354415454238,5.2947049,1.8404715,0.78943181,27,1350
c12e,1700354416453528,5.3102303,1.8412663,0.79328823,28,1360
c12e,1700354417453241,5.3042932,1.8354583,0.79192394,26,1370
c12e,1700354418453264,5.3253431,1.8425037,0.80121326,30,1380
c12e,1700354419454017,5.3269472,1.8274889,0.80210954,28,1390
c12e,1700354420453386,5.3189197,1.8302149,0.7894066,24,1400
c12e,1700354421453320,5.3134742,1.840439,0.77883852,23,1410
c12e,1700354422454318,5.304955,1.8400015,0.77648145,25,1420
c12e,1700354423454367,5.3087139,1.8439728,0.76729983,23,1430
c12e,1700354424453288,5.3075,1.8289939,0.79382056,32,0
c12e,1700354425453166,100,100,100,0,10
c12e,1700354426453322,5.3207359,1.8326514,0.7984454,28,20
c12e,1700354427453284,5.3126454,1.8407739,0.80161226,28,30
c12e,1700354428454052,5.3290486,1.8525866,0.77965546,22,40
c12e,1700354429454265,5.3200479,1.848285,0.7697531,23,50
c12e,1700354430454334,5.319273,1.8421032,0.77499461,27,60
c12e,1700354431453330,5.3035116,1.839901,0.78253669,27,70
c12e,1700354432453697,5.3004847,1.8279306,0.792625,28,80
c12e,1700354433454433,5.3043914,1.8363909,0.80307627,29,90
c12e,1700354434453682,5.3178821,1.8287482,0.80849105,29,100
c12e,1700354435453628,5.2968493,1.8261646,0.79606259,23,110
c12e,1700354436454023,5.294487,1.8344558,0.78614682,24,120
c12e,1700354437455008,5.3020205,1.8383274,0.78796756,27,130
c12e,1700354438454349,5.3071961,1.842708,0.78940445,27,140
c12e,1700354439453334,5.30805,1.8365507,0.79790211,29,150
c12e,1700354440453537,5.3195081,1.8442216,0.78996211,25,160
c12e,1700354441453350,5.3206563,1.8302703,0.79392219,28,170
c12e,1700354442453648,5.3164482,1.8286064,0.78971446,25,180
c12e,1700354443453626,5.315238,1.8420926,0.78822881,26,190
c12e,1700354444453344,5.3096275,1.8471185,0.78490508,25,200
c12e,1700354445453375,5.3158689,1.8355379,0.80371588,31,210
c12e,1700354446454191,5.29632,1.8357533,0.80007631,25,220
c12e,1700354447454347,5.2901435,1.8312993,0.78986692,24,230
c12e,1700354448453560,5.2780814,1.8369881,0.78554952,24,240
c12e,1700354449453813,5.2991405,1.8490168,0.77278346,23,250
c12e,1700354450453545,5.3070388,1.8311973,0.7948553,31,260
c12e,1700354451453325,5.3131657,1.8329555,0.802168,29,270
c12e,1700354452453385,5.3215175,1.8415631,0.78952366,24,280
c12e,1700354453454604,5.2991614,1.8425184,0.79268646,26,290
c12e,1700354454453475,5.30961,1.8457853,0.78065813,24,300
c12e,1700354455453470,5.3217626,1.8394451,0.79264396,29,310
c12e,1700354456453605,100,100,100,0,320
c12e,1700354457453385,5.3461542,1.8497595,0.79909337,29,330
c12e,1700354458455018,5.337091,1.8324926,0.812345,30,340
c12e,1700354459456243,5.3294911,1.8473173,0.7966767,24,350
c12e,1700354460453800,5.3304944,1.8318799,0.80160195,28,360
c12e,1700354461453489,5.3366723,1.829679,0.79953438,27,370
c12e,1700354462453770,5.307549,1.8263267,0.80486095,27,380
c12e,1700354463453624,5.3154244,1.8351364,0.78985482,24,390
c12e,1700354464453482,5.3153706,1.8425491,0.79012609,27,400
c12e,1700354465453522,5.3154078,1.8429415,0.78542286,25,410
c12e,1700354466453748,5.3141813,1.8396592,0.79689986,29,420
c12e,1700354467453444,5.3008852,1.8263628,0.80282372,28,430
c12e,1700354468453511,5.3029351,1.8367125,0.80502772,28,440
c12e,1700354469454271,5.2938676,1.8286061,0.81460238,29,450
c12e,1700354470453738,5.2832484,1.84158,0.80856413,26,460
c12e,1700354471457974,5.3002949,1.8362242,0.803898,27,470
c12e,1700354472453512,5.2999535,1.8295773,0.8122732,29,480
c12e,1700354473453496,5.2793813,1.8372694,0.80364203,24,490
c12e,1700354474453958,5.2736373,1.8377358,0.80203134,26,500
c12e,1700354475454155,5.2899356,1.8247833,0.81141829,30,510
c12e,1700354476454783,5.3092608,1.8279624,0.8016414,26,520
c12e,1700354477453472,5.3340006,1.8382802,0.80407226,29,530
c12e,1700354478453606,5.3521609,1.8445687,0.80395049,59,540
c12e,1700354479454791,5.3328609,1.8424327,0.80633605,28,550
c12e,1700354480453637,5.3311954,1.8362486,0.8060385,28,560
c12e,1700354481453852,5.3249497,1.8360049,0.7928704,24,570
c12e,1700354482453621,5.3113379,1.832445,0.80728078,30,580
c12e,1700354483454485,5.3091688,1.8405975,0.79394531,24,590
c12e,1700354484454100,5.3199754,1.8261362,0.8039102,30,600
c12e,1700354485453996,5.3164496,1.8358369,0.79906952,26,610
c12e,1700354486454529,5.3116331,1.8226135,0.801832,28,620
c12e,1700354487453588,5.3174491,1.8368067,0.79160321,25,630
c12e,1700354488453656,5.313684,1.8416401,0.78509504,25,640
c12e,1700354489453844,5.30695,1.8379267,0.78281683,25,650
c12e,1700354490455368,5.3142076,1.8357514,0.78606308,27,660
c12e,1700354491454133,5.3418603,1.8485241,0.78230464,26,670
c12e,1700354492454374,5.3463383,1.8321304,0.79896092,31,680
c12e,1700354493453624,5.33695,1.8403531,0.781707,22,690
c12e,1700354494453998,5.3249745,1.8450886,0.77919364,25,700
c12e,1700354495454719,5.3114777,1.8465096,0.79294622,29,710
c12e,1700354496454796,5.2917366,1.8293483,0.79836655,27,720
c12e,1700354497453653,5.2850385,1.8169947,0.79584283,26,730
c12e,1700354498453978,5.2886548,1.8402381,0.78080189,23,740
c12e,1700354499455711,5.3028603,1.8337902,0.78524315,27,750
c12e,1700354500454113,5.3048863,1.8327527,0.79077566,28,760
c12e,1700354501453762,5.3141437,1.8333075,0.78986341,27,770
c12e,1700354502454611,5.3276706,1.8300145,0.79527372,28,780
c12e,1700354503453906,5.3157434,1.8343838,0.78008795,22,790
c12e,1700354504455070,5.3337321,1.8416885,0.79837638,31,800
c12e,1700354505453764,5.3305011,1.8386135,0.79630959,27,810
c12e,1700354506453707,5.3103056,1.8247937,0.79798353,26,820
c12e,1700354507453756,5.3047557,1.8326838,0.80425513,28,830
c12e,1700354508455090,5.3157797,1.8398435,0.80663931,28,840
c12e,1700354509453702,5.326272,1.8263692,0.81827164,31,850
c12e,1700354510453778,5.299902,1.8304321,0.81585872,27,860
c12e,1700354511453853,5.2955866,1.8288378,0.81097561,27,870
c12e,1700354512454096,5.3027067,1.838509,0.81254983,28,880
c12e,1700354513453749,5.30052,1.8341277,0.80899709,27,890
c12e,1700354514454082,5.2933154,1.830814,0.79557961,24,900
c12e,1700354515454420,5.3093452,1.8391603,0.79102409,26,910
c12e,1700354516453876,5.3142304,1.8514369,0.78663635,25,920
c12e,1700354517453752,5.318996,1.8539896,0.7763775,24,930
c12e,1700354518454057,5.3138809,1.8530592,0.77382779,25,940
c12e,1700354519454082,5.30712,1.8472234,0.77338362,25,950
c12e,1700354520453761,5.3180671,1.8405132,0.78344136,28,960
c12e,1700354521453783,5.3074694,1.845256,0.78303051,25,970
c12e,1700354522454641,5.3022447,1.8391783,0.78324091,26,980
c12e,1700354523453804,5.3131857,1.8373582,0.78115356,26,990
c12e,1700354524454118,5.3114815,1.8353231,0.77035868,23,1000
c12e,1700354525454264,5.3004584,1.8288466,0.77461994,26,1010
c12e,1700354526455506,5.3209639,1.8419273,0.78841758,30,1020
c12e,1700354527454575,5.2890277,1.8284239,0.80630291,29,1030
c12e,1700354528453808,5.3068843,1.8432066,0.804892,28,1040
c12e,1700354529454508,5.30669,1.8434626,0.79491353,25,1050
c12e,1700354530453843,5.3071117,1.8488401,0.78444821,24,1060
c12e,1700354531460770,5.3050594,1.8491867,0.77406883,23,1070
c12e,1700354532454094,5.3242507,1.8633537,0.76086074,22,1080
c12e,1700354533454323,5.3188586,1.857818,0.755271,23,1090
c12e,1700354534453832,5.3066912,1.8545392,0.75533032,24,1100
c12e,1700354535455290,5.3159113,1.8599323,0.76520437,27,1110
c12e,1700354536453970,5.3227582,1.8478692,0.77658427,28,1120
c12e,1700354537454554,5.2970691,1.8352979,0.77000082,23,1130
c12e,1700354538453965,5.3121047,1.8359022,0.77477372,27,1140
c12e,1700354539454240,5.3300681,1.8304226,0.78156722,28,1150
c12e,1700354540458463,5.314415,1.8303713,0.78791887,27,1160
c12e,1700354541453896,5.3040671,1.8488723,0.77594304,23,1170
c12e,1700354542453930,5.3129621,1.8439611,0.7827521,28,1180
c12e,1700354543454006,5.3234053,1.8438303,0.76895434,23,1190
c12e,1700354544454059,5.3209653,1.8453883,0.76961422,25,1200
c12e,1700354545455186,5.3133354,1.8407396,0.77300429,26,1210
c12e,1700354546454385,5.3165207,1.8379241,0.78300434,28,1220
c12e,1700354547454204,5.3113213,1.8262664,0.78291732,26,1230
c12e,1700354548455058,5.3138781,1.8410763,0.77789843,25,1240
c12e,1700354549453872,5.3304405,1.8489752,0.78006142,27,1250
c12e,1700354550453869,5.30968,1.8442231,0.76825184,22,1260
c12e,1700354551454546,5.3130379,1.8330061,0.76397753,24,1270
c12e,1700354552453995,5.335968,1.8228487,0.76040977,24,1280
c12e,1700354553455254,5.3401718,1.8332297,0.75321645,23,1290
c12e,1700354554455460,5.3300848,1.82339,0.75553095,24,1300
c12e,1700354555453897,5.3429523,1.8268307,0.75162995,24,1310
c12e,1700354556453942,5.3507018,1.8295199,0.76641357,28,1320
c12e,1700354557454349,5.3415518,1.826393,0.75521463,22,1330
c12e,1700354558453946,5.3302479,1.8295364,0.78597718,32,1340
c12e,1700354559454884,5.322196,1.8339964,0.78788936,27,1350
c12e,1700354560454022,5.325242,1.8327821,0.78600383,26,1360
c12e,1700354561454057,5.3332815,1.8310595,0.78482848,26,1370
c12e,1700354562454042,5.3392534,1.8422842,0.78493667,26,1380
c12e,1700354563457240,5.316906,1.8481778,0.77564186,23,1390
c12e,1700354564455330,5.300066,1.8481216,0.76867354,23,1400
c12e,1700354565454972,5.3157043,1.8551451,0.75724018,22,1410
c12e,1700354566453957,5.3195043,1.8371996,0.78114104,31,1420
c12e,1700354567453938,5.3118558,1.828264,0.80275255,31,1430
c12e,1700354568454081,5.3186474,1.8278278,0.80983591,29,0
c12e,1700354569455173,5.3185258,1.8333551,0.79046434,23,10
c12e,1700354570457546,5.3206835,1.8500668,0.78437084,25,20
c12e,1700354571454479,5.3083272,1.839114,0.78202218,25,30
c12e,1700354572454152,5.3248672,1.8416132,0.76406336,22,40
c12e,1700354573453995,5.3197408,1.8415214,0.76145715,24,50
c12e,1700354574454558,5.3122511,1.8386555,0.77779293,29,60
c12e,1700354575454100,5.3098159,1.8407964,0.77182537,24,70
c12e,1700354576454085,5.3203654,1.8363115,0.76950467,25,80
c12e,1700354577454264,5.3082504,1.8361763,0.766901,24,90
c12e,1700354578454427,5.3165789,1.8373634,0.77589548,28,100
c12e,1700354579454024,5.3162012,1.8390723,0.78063577,27,110
c12e,1700354580456148,5.3142014,1.8477646,0.77666223,25,120
c12e,1700354581455104,5.2868934,1.8385537,0.79465294,29,130
c12e,1700354582454073,5.3195105,1.8245625,0.81280118,32,140
c12e,1700354583458172,5.3137584,1.8309994,0.80317444,25,150
c12e,1700354584454010,5.3180637,1.8328373,0.81444377,30,160
c12e,1700354585453977,5.296113,1.8306514,0.79106683,21,170
c12e,1700354586455498,5.3081951,1.831798,0.80388272,30,180
c12e,1700354587454433,5.3218007,1.8429023,0.783647,22,190
c12e,1700354588454203,5.319777,1.8417249,0.77869183,25,200
c12e,1700354589454030,5.3153934,1.8308721,0.79932237,31,210
c12e,1700354590457037,5.3187218,1.8363758,0.814672,31,220
c12e,1700354591454005,5.3412352,1.8483937,0.79349369,23,230
c12e,1700354592454944,5.3306909,1.8364782,0.80148512,29,240
c12e,1700354593454212,5.3365078,1.8274593,0.81346542,31,250
c12e,1700354594454842,5.3581486,1.8349282,0.81859004,59,260
c12e,1700354595454372,5.3514185,1.8378977,0.80136895,24,270
c12e,1700354596454266,5.3337326,1.848549,0.77989435,21,280
c12e,1700354597454402,5.3181024,1.8446928,0.78747678,27,290
c12e,1700354598454191,5.3139997,1.8453552,0.79083472,27,300
c12e,1700354599456052,5.31437,1.8413419,0.78499484,25,310
c12e,1700354600456783,5.2989159,1.8393312,0.78823984,26,320
c12e,1700354601454192,5.3124185,1.8311805,0.81373507,33,330
c12e,1700354602454286,5.3372669,1.8406739,0.81504619,29,340
c12e,1700354603454485,5.2991161,1.8340061,0.82165664,28,350
c12e,1700354604455531,5.3206859,1.8459462,0.80020213,23,360
c12e,1700354605455504,5.322042,1.8381619,0.80243617,28,370
c12e,1700354606454061,5.3156571,1.8411988,0.79540068,25,380
c12e,1700354607454764,5.3071156,1.8412935,0.78589827,24,390
c12e,1700354608454160,5.3051891,1.8310657,0.78981853,27,400
c12e,1700354609455454,5.3320885,1.8354781,0.79214162,28,410
c12e,1700354610454894,5.3291607,1.8383862,0.79755759,28,420
c12e,1700354611454262,5.3189535,1.8295647,0.79214746,25,430
c12e,1700354612454398,5.3012033,1.837154,0.77920824,22,440
c12e,1700354613454146,5.3121114,1.8477004,0.77045512,24,450
c12e,1700354614454219,5.3221545,1.8436913,0.76556051,59,460
c12e,1700354615454642,5.3160639,1.8528324,0.75234318,21,470
c12e,1700354616454238,5.3278689,1.8615681,0.75652158,25,480
c12e,1700354617454264,5.3110652,1.8528627,0.74901992,22,490
c12e,1700354618454238,5.3058109,1.8493358,0.76545554,28,500
c12e,1700354619454490,5.2902765,1.8490254,0.76714933,24,510
c12e,1700354620455074,5.317729,1.8403357,0.78739321,31,520
c12e,1700354621454344,5.318697,1.8479266,0.78025603,24,530
c12e,1700354622455242,5.3246446,1.8411441,0.79686761,30,540
c12e,1700354623454492,5.3198524,1.8308458,0.79191482,25,550
c12e,1700354624454325,5.3208303,1.8415565,0.78068113,24,560
c12e,1700354625456056,5.3069882,1.8320256,0.78050697,25,570
c12e,1700354626454320,5.3167486,1.8364217,0.779093,26,580
c12e,1700354627454264,5.3182764,1.8383319,0.78078038,26,590
c12e,1700354628454302,5.3354807,1.8454517,0.7723524,24,600
c12e,1700354629454408,5.3475542,1.8412523,0.78071392,28,610
c12e,1700354630455394,5.3232226,1.8363813,0.7911219,28,620
c12e,1700354631454287,5.3064613,1.82807,0.78099513,23,630
c12e,1700354632454258,5.3255224,1.8318487,0.77840567,26,640
c12e,1700354633454298,5.3032589,1.8374152,0.77139747,23,650
c12e,1700354634455666,5.3093333,1.8347324,0.78672987,29,660
c12e,1700354635457330,5.3145642,1.8421878,0.78919393,27,670
c12e,1700354636454470,5.3085341,1.8413004,0.78963941,26,680
c12e,1700354637454976,5.3184776,1.852859,0.79872108,29,690
c12e,1700354638454311,5.3123136,1.8574642,0.77830279,21,700
c12e,1700354639455215,5.2884054,1.8538083,0.79616284,29,710
c12e,1700354640454397,5.2893462,1.8507576,0.79774749,27,720
c12e,1700354641454334,5.3191767,1.8472699,0.78459191,24,730
c12e,1700354642455446,5.3269277,1.8359512,0.77629048,24,740
c12e,1700354643454679,5.3167725,1.8359283,0.78508049,28,750
c12e,1700354644454723,5.2920928,1.8280876,0.79416853,27,760
c12e,1700354645454416,5.2919517,1.8396131,0.78168,23,770
c12e,1700354646454626,5.28886,1.827149,0.79955781,30,780
c12e,1700354647454431,5.2927685,1.8293151,0.81176227,30,790
c12e,1700354648455730,5.2911611,1.8346168,0.81267232,28,800
c12e,1700354649455859,5.3067107,1.8486538,0.80499309,26,810
c12e,1700354650454877,5.3145633,1.8577629,0.79971266,26,820
c12e,1700354651454499,5.3105674,1.859592,0.79230946,25,830
c12e,1700354652454504,5.3163795,1.8556888,0.79620409,28,840
c12e,1700354653454592,5.3022203,1.8464121,0.79928356,27,850
c12e,1700354654454772,5.3161335,1.837055,0.81065738,30,860
c12e,1700354655454698,5.3044882,1.8254424,0.83201742,33,870
c12e,1700354656454582,5.330646,1.831991,0.80550522,23,880
c12e,1700354657454374,5.3125348,1.8300627,0.80040342,25,890
c12e,1700354658454662,5.3355031,1.843644,0.78670543,24,900
c12e,1700354659456168,5.3156109,1.8305033,0.77580523,23,910
c12e,1700354660455553,5.3182921,1.8339574,0.80222738,33,920
c12e,1700354661454473,5.3110313,1.8402784,0.81645089,31,930
c12e,1700354662454463,5.3134704,1.8338667,0.80891156,26,940
c12e,1700354663454534,5.2843,1.8361056,0.80034351,24,950
c12e,1700354664456346,5.3135242,1.8459027,0.79736388,27,960
c12e,1700354665454504,5.3107257,1.8347136,0.8122986,31,970
c12e,1700354666455530,5.3294621,1.8487374,0.79034,23,980
c12e,1700354667454696,5.3149433,1.8298466,0.8146944,32,990
c12e,1700354668454558,5.3110003,1.834249,0.81930912,29,1000
c12e,1700354669454554,5.305964,1.8330741,0.80344343,24,1010
c12e,1700354670456116,5.3061786,1.8358248,0.78227365,22,1020
c12e,1700354671454524,5.3122177,1.8312386,0.78390831,27,1030
c12e,1700354672454581,5.327281,1.8438358,0.78381419,26,1040
c12e,1700354673460568,5.3139548,1.8447851,0.77753651,24,1050
c12e,1700354674454439,5.2930832,1.8441697,0.77493811,24,1060
c12e,1700354675454991,5.2972813,1.8359642,0.76751733,23,1070
c12e,1700354676454930,5.3225546,1.8406661,0.76598459,25,1080
c12e,1700354677455444,5.328589,1.8269167,0.782114,29,1090
c12e,1700354678459136,5.341701,1.8339431,0.793049,29,1100
c12e,1700354679454472,5.3662777,1.8463554,0.79019856,27,1110
c12e,1700354680454564,5.3501544,1.8377225,0.78702646,25,1120
c12e,1700354681455889,5.3298521,1.8344227,0.79793096,29,1130
c12e,1700354682455206,5.327076,1.8331852,0.79801834,27,1140
c12e,1700354683454572,5.3383923,1.8386743,0.79730457,27,1150
c12e,1700354684455570,5.3495412,1.8297133,0.80846035,30,1160
c12e,1700354685454675,5.352047,1.8259954,0.81948817,31,1170
c12e,1700354686454622,5.3356166,1.8255136,0.81551033,27,1180
c12e,1700354687456640,5.3361139,1.8397737,0.79313892,22,1190
c12e,1700354688454536,5.3400688,1.8306757,0.80827188,31,1200
c12e,1700354689454608,5.3487587,1.8249987,0.80107015,26,1210
c12e,1700354690454626,5.3310814,1.8365886,0.79031843,24,1220
c12e,1700354691454809,5.3159165,1.82924,0.80439055,30,1230
c12e,1700354692454846,5.333014,1.8393013,0.81267709,30,1240
c12e,1700354693454699,5.3445482,1.8287481,0.82011217,30,1250
c12e,1700354694455892,5.3319879,1.8400365,0.81465381,27,1260
c12e,1700354695454722,5.315793,1.8383477,0.81772244,28,1270
c12e,1700354696455402,5.3207722,1.842677,0.8151986,28,1280
c12e,1700354697454639,5.3062606,1.8498884,0.80550289,25,1290
c12e,1700354698454640,5.313303,1.8491246,0.79919994,26,1300
c12e,1700354699454624,5.3069015,1.8348285,0.80329233,28,1310
c12e,1700354700456007,5.3114214,1.8415513,0.79690391,26,1320
c12e,1700354701455510,5.2971973,1.8394688,0.79510289,26,1330
c12e,1700354702455730,5.2936182,1.8437082,0.79636949,27,1340
c12e,1700354703454680,5.2878003,1.8386092,0.76994455,20,1350
c12e,1700354704455018,5.2898951,1.8422792,0.77594304,27,1360
c12e,1700354705454600,5.2918782,1.8354502,0.77942508,26,1370
c12e,1700354706454690,5.2929974,1.8450644,0.782085,26,1380
c12e,1700354707455565,5.2909622,1.8225154,0.79979116,30,1390
c12e,1700354708455232,5.3136592,1.8306388,0.80034643,28,1400
c12e,1700354709455480,5.310596,1.8289582,0.80249488,28,1410
c12e,1700354710455244,5.3118849,1.8312504,0.79081577,24,1420
c12e,1700354711455075,5.3164587,1.8516093,0.77306014,22,1430
c12e,1700354712454810,5.2851129,1.8336135,0.80009097,31,0
c12e,1700354713455628,5.314343,1.8388902,0.79226863,26,10
c12e,1700354714454730,5.3210282,1.8270266,0.79999816,29,20
c12e,1700354715455242,5.3229427,1.8319988,0.7952714,26,30
c12e,1700354716456505,5.3315129,1.8290178,0.79374981,27,40
c12e,1700354717454872,5.3219934,1.8425336,0.7822693,23,50
c12e,1700354718461350,5.3262577,1.8472916,0.77291107,24,60
c12e,1700354719454658,5.3413968,1.8447652,0.77030647,25,70
c12e,1700354720454782,5.332334,1.8336487,0.77789193,27,80
c12e,1700354721455092,5.3420057,1.8405021,0.77639085,26,90
c12e,1700354722454870,5.3197627,1.8264626,0.79691648,30,100
c12e,1700354723456240,5.3073468,1.8302828,0.78753793,24,110
c12e,1700354724455077,5.3078876,1.8389294,0.78860861,27,120
c12e,1700354725454709,5.2878256,1.832492,0.79525918,27,130
c12e,1700354726455123,5.3122568,1.839572,0.79685211,28,140
c12e,1700354727454806,5.2979646,1.8286585,0.81211346,30,150
c12e,1700354728455700,5.312346,1.8390253,0.80349046,26,160
c12e,1700354729454836,5.3351765,1.8264029,0.81970406,32,170
c12e,1700354730455052,5.3362622,1.8403001,0.81560111,28,180
c12e,1700354731454918,5.3163509,1.8307658,0.83427906,32,190
c12e,1700354732454842,5.3186994,1.8407491,0.81141877,23,200
c12e,1700354733455748,5.2837715,1.8324919,0.80927843,25,210
c12e,1700354734456085,5.3035469,1.8198314,0.805188,27,220
c12e,1700354735454854,5.3158455,1.827268,0.80720907,28,230
c12e,1700354736456853,5.3232303,1.8321341,0.80599767,28,240
c12e,1700354737456401,5.3087296,1.8435047,0.78881145,22,250
c12e,1700354738454918,5.3148828,1.8443692,0.79856485,29,260
c12e,1700354739454941,5.3137226,1.8480269,0.78711,24,270
c12e,1700354740454788,5.3216171,1.8381895,0.7919659,28,280
c12e,1700354741455248,5.3488407,1.8298171,0.79644084,29,290
c12e,1700354742456293,5.3218675,1.8247896,0.79350924,25,300
c12e,1700354743455973,5.3051872,1.8283079,0.77892071,22,310
c12e,1700354744455716,5.3071303,1.8403586,0.7859714,28,320
c12e,1700354745455847,5.3111296,1.8305093,0.80494392,31,330
c12e,1700354746455190,5.3275986,1.8454006,0.80834448,29,340
c12e,1700354747454857,5.3302436,1.8464842,0.80218041,26,350
c12e,1700354748455201,5.3041968,1.8221225,0.80980718,28,360
c12e,1700354749454971,5.299355,1.8240418,0.80240661,25,370
c12e,1700354750455142,5.308692,1.8400863,0.79296231,25,380
c12e,1700354751455138,5.3288484,1.8423016,0.77950895,24,390
c12e,1700354752455020,5.3137975,1.8518239,0.77555543,24,400
c12e,1700354753455404,5.31214,1.8418723,0.78171569,27,410
c12e,1700354754454940,5.3145804,1.83079,0.79275018,29,420
c12e,1700354755454994,5.3258696,1.8391047,0.80264467,30,430
c12e,1700354756455318,5.3039637,1.8472916,0.79926223,25,440
c12e,1700354757455317,5.316021,1.8426492,0.78813583,24,450
c12e,1700354758455995,5.3104048,1.8505359,0.77515239,23,460
c12e,1700354759455253,5.2961173,1.8543366,0.77591425,25,470
c12e,1700354760455493,5.3172054,1.85083,0.77757329,27,480
c12e,1700354761456442,5.3348551,1.8379592,0.78459591,28,490
c12e,1700354762455906,5.3468175,1.8392655,0.78110623,26,500
c12e,1700354763455133,5.32043,1.8378153,0.78589553,26,510
c12e,1700354764455328,5.3289523,1.8504021,0.77423429,23,520
c12e,1700354765455368,5.3226256,1.842248,0.77692139,26,530
c12e,1700354766455738,5.3096828,1.8400053,0.7912541,29,540
c12e,1700354767455259,5.3129573,1.8366007,0.78991932,26,550
c12e,1700354768455248,5.2894154,1.8336149,0.78486544,24,560
c12e,1700354769456530,5.2899146,1.8347862,0.76894295,22,570
c12e,1700354770455016,5.3178711,1.8493751,0.76800591,25,580
c12e,1700354771455632,5.3280997,1.829615,0.776376,28,590
c12e,1700354772455081,5.3359413,1.837518,0.77558476,26,600
c12e,1700354773456506,5.3496695,1.8403758,0.77027911,25,610
c12e,1700354774455096,5.3378549,1.8480183,0.77008837,25,620
c12e,1700354775455474,5.339211,1.8477092,0.78020269,28,630
c12e,1700354776455230,5.3595476,1.8457412,0.78576297,28,640
c12e,1700354777455049,5.3534727,1.8385024,0.7709,22,650
c12e,1700354778455922,5.3579049,1.8456239,0.76920861,25,660
c12e,1700354779457304,5.3346319,1.8528445,0.76799434,24,670
c12e,1700354780455534,5.339704,1.8476247,0.77727723,28,680
c12e,1700354781455450,5.3334017,1.8460625,0.7886256,29,690
c12e,1700354782455124,5.3330388,1.8389503,0.79254967,28,700
c12e,1700354783455102,5.34115,1.8242257,0.80749077,31,710
c12e,1700354784455106,5.3237324,1.8286382,0.80518687,27,720
c12e,1700354785457272,5.3445792,1.8365897,0.8157202,31,730
c12e,1700354786455114,5.3280616,1.8298285,0.81405121,27,740
c12e,1700354787455214,5.3416395,1.8353996,0.82196933,31,750
c12e,1700354788455518,5.3231158,1.8348318,0.817223,27,760
c12e,1700354789455122,5.311307,1.8350312,0.7986511,23,770
c12e,1700354790455127,5.3126049,1.8497661,0.80265653,28,780
c12e,1700354791455487,5.2984133,1.8382722,0.80137932,26,790
c12e,1700354792455382,5.2935476,1.8347147,0.79831171,26,800
c12e,1700354793455979,5.2781868,1.8395944,0.80226004,27,810
c12e,1700354794456292,5.2856431,1.8429704,0.79383725,25,820
c12e,1700354795456626,5.2786822,1.8331411,0.79269916,26,830
c12e,1700354796455152,5.3021603,1.8305631,0.7923497,27,840
c12e,1700354797455512,5.2902665,1.8297211,0.78777003,25,850
c12e,1700354798455450,5.2773743,1.8278306,0.80305678,29,860
c12e,1700354799455164,5.2815876,1.8349382,0.80184513,27,870
c12e,1700354800455167,5.2963614,1.8378758,0.79042304,24,880
c12e,1700354801455206,5.295269,1.8373511,0.7954334,28,890
c12e,1700354802455158,5.3051834,1.8267028,0.807579,30,900
c12e,1700354803455746,5.3090043,1.8414823,0.7868281,22,910
c12e,1700354804455486,5.3210893,1.8464231,0.7854355,26,920
c12e,1700354805456069,5.3357139,1.8376535,0.7946316,29,930
c12e,1700354806456214,5.3175039,1.8209956,0.79219991,25,940
c12e,1700354807458115,5.3274198,1.8347363,0.79046524,26,950
c12e,1700354808455348,5.2970643,1.8352264,0.7840237,23,960
c12e,1700354809455922,5.3001528,1.8419003,0.78695667,27,970
c12e,1700354810455286,5.3037825,1.8432235,0.79388726,28,980
c12e,1700354811456080,5.3084588,1.8331505,0.79391891,27,990
c12e,1700354812456281,5.3407836,1.8531493,0.78903306,26,1000
c12e,1700354813455549,5.3400416,1.8582702,0.77040547,22,1010
c12e,1700354814455248,5.3330383,1.8598819,0.7895934,30,1020
c12e,1700354815455830,5.3329687,1.8521749,0.78344625,25,1030
c12e,1700354816457180,5.3317261,1.8665208,0.77045184,23,1040
c12e,1700354817455279,5.3270869,1.8550489,0.77468652,26,1050
c12e,1700354818455277,5.327476,1.8419163,0.77343631,25,1060
c12e,1700354819455758,5.3282757,1.8424186,0.77430505,26,1070
c12e,1700354820457764,5.3122859,1.8437666,0.7747376,25,1080
c12e,1700354821455724,5.3108416,1.8505614,0.769396,24,1090
c12e,1700354822456168,5.3150597,1.8511188,0.76075518,23,1100
c12e,1700354823455546,5.3140726,1.8423098,0.79364395,33,1110
c12e,1700354824455338,5.3101206,1.8420887,0.7897113,25,1120
c12e,1700354825455381,5.307023,1.8375422,0.7926923,27,1130
c12e,1700354826455686,5.2837605,1.8410144,0.77846986,22,1140
c12e,1700354827455557,5.2740116,1.8376716,0.7877149,27,1150
c12e,1700354828455651,5.2727442,1.8292079,0.79350394,27,1160
c12e,1700354829456528,5.2783079,1.8221612,0.80567557,30,1170
c12e,1700354830455578,5.3008261,1.8266813,0.78481084,22,1180
c12e,1700354831455665,5.3037419,1.8230644,0.79439533,29,1190
c12e,1700354832455399,5.2985268,1.8314048,0.79583877,27,1200
c12e,1700354833455503,5.2934256,1.8318713,0.80913067,30,1210
c12e,1700354834455367,5.2946239,1.8372167,0.80328453,26,1220
c12e,1700354835455776,5.3137717,1.8272432,0.81530374,31,1230
c12e,1700354836456041,5.3010278,1.8338664,0.79972655,23,1240
c12e,1700354837455361,5.30838,1.8430134,0.79697865,27,1250
c12e,1700354838455370,5.3064871,1.8368549,0.80799025,30,1260
c12e,1700354839455466,5.3013144,1.8293319,0.8129133,29,1270
c12e,1700354840456273,5.305644,1.8323123,0.811223,28,1280
c12e,1700354841457306,5.3241911,1.8282917,0.79060906,23,1290
c12e,1700354842457062,5.3188138,1.8315214,0.77758223,23,1300
c12e,1700354843455417,5.3326764,1.841091,0.78095609,27,1310
c12e,1700354844455689,5.3329372,1.8366976,0.78870231,28,1320
c12e,1700354845455856,5.3408175,1.8443242,0.773148,23,1330
c12e,1700354846455420,5.3263335,1.8473496,0.77990335,27,1340
c12e,1700354847455880,5.3253646,1.8516743,0.78632933,28,1350
c12e,1700354848455427,5.318368,1.8418411,0.79415751,28,1360
c12e,1700354849455697,5.3272934,1.8278441,0.80701196,30,1370
c12e,1700354850456714,5.3272123,1.8355687,0.79864591,25,1380
c12e,1700354851455485,5.3204288,1.8385084,0.795344,26,1390
c12e,1700354852456008,5.2990389,1.8329802,0.80895627,29,1400
c12e,1700354853456216,5.2942014,1.8425539,0.80004835,25,1410
c12e,1700354854455476,5.2969542,1.851061,0.80410886,28,1420
c12e,1700354855456599,5.2964072,1.8400574,0.81766623,31,1430
c12e,1700354856455506,5.3079867,1.8454182,0.80126369,24,0
c12e,1700354857456255,5.3012505,1.8407811,0.79519,25,10
c12e,1700354858455512,5.2876587,1.83518,0.78931564,24,20
c12e,1700354859456307,5.2906995,1.8396959,0.79229146,27,30
c12e,1700354860456451,5.2944894,1.832987,0.81238657,32,40
c12e,1700354861456448,5.2900825,1.835941,0.81356651,28,50
c12e,1700354862455932,5.2942982,1.8351315,0.81515247,28,60
c12e,1700354863455891,5.3063774,1.8498825,0.80040938,24,70
c12e,1700354864455532,5.2981024,1.8357841,0.82517308,33,80
c12e,1700354865455754,5.2965789,1.8394479,0.8224836,28,90
c12e,1700354866456403,5.2921791,1.8385561,0.81609344,27,100
c12e,1700354867456582,5.2917809,1.8341027,0.80396473,25,110
c12e,1700354868455805,5.2987976,1.8330103,0.81244433,30,120
c12e,1700354869455463,5.3149877,1.8489484,0.79871249,25,130
c12e,1700354870455486,5.3182631,1.839663,0.80026543,28,140
c12e,1700354871456308,5.3383932,1.8405237,0.80423182,29,150
c12e,1700354872456881,5.3402081,1.8354527,0.80083328,27,160
c12e,1700354873455474,5.3261385,1.8326825,0.80959696,29,170
c12e,1700354874455548,5.3357005,1.8434553,0.80722052,28,180
c12e,1700354875455532,5.3240695,1.8387161,0.82021189,31,190
c12e,1700354876455669,5.3321567,1.8319557,0.82138753,29,200
c12e,1700354877456004,5.3342075,1.8371267,0.8089658,25,210
c12e,1700354878455547,5.3347459,1.8306767,0.79982853,25,220
c12e,1700354879455856,5.3161,1.8335179,0.79997522,27,230
c12e,1700354880455579,5.3118896,1.8377286,0.80726475,29,240
c12e,1700354881455564,5.3224158,1.8414062,0.79600161,25,250
c12e,1700354882455549,5.313,1.8473574,0.79795694,27,260
c12e,1700354883455814,5.302052,1.8386377,0.79818064,27,270
c12e,1700354884456140,5.3139091,1.8310845,0.79619896,27,280
c12e,1700354885455626,5.321651,1.8262732,0.80375111,29,290
c12e,1700354886455626,5.3259745,1.8212552,0.81163156,30,300
c12e,1700354887455686,5.3251705,1.8270276,0.82718742,32,310
c12e,1700354888456042,5.3105445,1.8351799,0.80846536,23,320
c12e,1700354889455826,5.3133674,1.8330766,0.81474489,29,330
c12e,1700354890455682,5.3085375,1.8374066,0.812592,27,340
c12e,1700354891455664,5.3156519,1.8397359,0.7966767,24,350
c12e,1700354892456399,5.3069582,1.8328111,0.79080838,25,360
c12e,1700354893455714,5.3145285,1.8422419,0.77842551,23,370
c12e,1700354894456532,5.3054833,1.8385153,0.79203779,29,380
c12e,1700354895455638,5.3046055,1.8362744,0.78836668,25,390
c12e,1700354896455730,5.3085694,1.844105,0.79374421,28,400
c12e,1700354897456084,5.3115187,1.8368016,0.79780531,28,410
c12e,1700354898455655,5.3074102,1.8285694,0.80788344,29,420
c12e,1700354899455651,5.3018107,1.8436196,0.80492926,26,430
c12e,1700354900455664,5.2839622,1.8258077,0.81149507,28,440
c12e,1700354901455708,5.2824435,1.8423543,0.80305594,25,450
c12e,1700354902455814,5.2957697,1.8332245,0.80326831,28,460
c12e,1700354903456328,5.31896,1.8467892,0.79210836,25,470
c12e,1700354904455814,5.3059359,1.8331196,0.79693532,27,480
c12e,1700354905455716,5.3222032,1.8452785,0.78973353,25,490
c12e,1700354906456430,5.3385391,1.8357624,0.77527875,23,500
c12e,1700354907455826,5.3406091,1.8414421,0.76645839,23,510
c12e,1700354908456057,5.3477921,1.8325751,0.78670412,31,520
c12e,1700354909455643,5.3336225,1.8295076,0.77035582,22,530
c12e,1700354910457038,5.3365264,1.837477,0.77935433,28,540
c12e,1700354911456237,5.3402872,1.8301823,0.78005731,26,550
c12e,1700354912455643,5.34541,1.843948,0.76489913,22,560
c12e,1700354913455987,5.3310761,1.8367795,0.77549803,27,570
c12e,1700354914455705,5.3484912,1.8375604,0.76903009,24,580
c12e,1700354915456542,5.3215284,1.8268852,0.77202928,25,590
c12e,1700354916456792,5.3434687,1.839711,0.77303326,26,600
c12e,1700354917455808,5.3480196,1.8385311,0.78980029,58,610
c12e,1700354918455864,5.3422174,1.8219538,0.80990207,32,620
c12e,1700354919455780,5.3352556,1.8349303,0.79258996,23,630
c12e,1700354920455772,5.3384914,1.8415228,0.80389357,30,640
c12e,1700354921455814,5.3374543,1.8310261,0.79612631,25,650
c12e,1700354922455800,5.332119,1.8357642,0.78217191,23,660
c12e,1700354923455826,5.3259416,1.8214966,0.77411413,24,670
c12e,1700354924456224,5.3390822,1.8276784,0.77627224,27,680
c12e,1700354925455799,5.3470407,1.8404531,0.77520305,26,690
c12e,1700354926456656,5.3232236,1.8373021,0.79495871,30,700
c12e,1700354927456861,5.3436608,1.8358027,0.79814404,28,710
c12e,1700354928455810,5.3127904,1.8309195,0.80381823,27,720
c12e,1700354929455994,5.3248825,1.8399606,0.79806983,26,730
c12e,1700354930455902,5.3324447,1.8445512,0.79686815,27,740
c12e,1700354931456686,5.372365,1.8395369,0.8062923,30,750
c12e,1700354932456701,5.3552308,1.8422099,0.8019082,26,760
c12e,1700354933456108,5.357945,1.8316284,0.80739963,29,770
c12e,1700354934456609,5.3558927,1.8238951,0.82208985,32,780
c12e,1700354935455862,5.3426151,1.8341382,0.82672185,30,790
c12e,1700354936456776,5.3432631,1.8358295,0.82261562,28,800
c12e,1700354937456152,5.3304758,1.8335947,0.81661522,57,810
c12e,1700354938456744,5.3429027,1.8382193,0.81005889,27,820
c12e,1700354939456604,5.3383341,1.8300862,0.80302191,26,830
c12e,1700354940455852,5.3368263,1.8298706,0.799381,27,840
c12e,1700354941456170,5.3497448,1.838347,0.79108638,25,850
c12e,1700354942455848,5.3465223,1.830344,0.8042137,30,860
c12e,1700354943455844,5.3549237,1.8468273,0.79790044,26,870
c12e,1700354944456708,5.329711,1.85384,0.77846277,21,880
c12e,1700354945456046,5.3247852,1.8499326,0.77300704,24,890
c12e,1700354946456359,5.3446407,1.8511218,0.76997364,25,900
c12e,1700354947456411,5.3190508,1.8372086,0.78254384,28,910
c12e,1700354948456720,5.31877,1.8324395,0.79647142,30,920
c12e,1700354949456039,5.3205829,1.8273115,0.80063856,28,930
c12e,1700354950455939,5.3204579,1.8257082,0.80695128,29,940
c12e,1700354951455928,5.32098,1.8361787,0.80562812,27,950
c12e,1700354952459566,5.3072119,1.838356,0.80306286,26,960
c12e,1700354953457560,5.3302617,1.8387928,0.80138612,28,970
c12e,1700354954456438,5.3212266,1.8328276,0.79670018,26,980
c12e,1700354955456091,5.32465,1.8363135,0.78675532,24,990
c12e,1700354956456076,5.349884,1.8305216,0.78378421,26,1000
c12e,1700354957455937,5.3292623,1.8392448,0.79556829,29,1010
c12e,1700354958456322,5.329484,2.3016479,0.55847979,87,1020
c12e,1700354959456155,5.3288565,2.1997871,0.61231273,25,1030
c12e,1700354960456865,5.329608,2.1035218,0.66131246,28,1040
c12e,1700354961456836,5.3269372,2.0364668,0.69357544,27,1050
c12e,1700354962456885,5.3300467,1.9868703,0.72394466,28,1060
c12e,1700354963456393,5.3210187,1.948351,0.74450374,27,1070
c12e,1700354964456187,5.3208585,1.9083462,0.75799364,27,1080
c12e,1700354965456345,5.3346672,1.8906397,0.76915342,28,1090
c12e,1700354966458196,5.3153305,1.8668236,0.78316104,28,1100
c12e,1700354967457744,5.3064251,1.8548293,0.80261123,31,1110
c12e,1700354968457454,5.302959,1.8662305,0.80068654,26,1120
c12e,1700354969456093,5.3028021,1.8499595,0.81479055,31,1130
c12e,1700354970456234,5.2891216,1.8554333,0.798128,23,1140
c12e,1700354971456475,5.31052,1.8627319,0.79150355,26,1150
c12e,1700354972456102,5.3159909,1.8513918,0.78880227,26,1160
c12e,1700354973456092,5.3149862,1.8621683,0.78366315,25,1170
c12e,1700354974456851,5.3197684,1.8480396,0.7848475,27,1180
c12e,1700354975457025,5.3119783,1.8442107,0.7845003,26,1190
c12e,1700354976456152,5.3074675,1.8413564,0.78992045,27,1200
c12e,1700354977457920,5.3064017,1.8384691,0.79657835,28,1210
c12e,1700354978456128,5.3046827,1.8436301,0.80171734,28,1220
c12e,1700354979458302,5.298728,1.8379797,0.79750419,26,1230
c12e,1700354980456090,5.3246708,1.8518258,0.78363663,24,1240
c12e,1700354981456212,5.34572,1.8372327,0.7926302,29,1250
c12e,1700354982456200,5.3284912,1.8420541,0.80074972,28,1260
c12e,1700354983456135,5.3160853,1.832323,0.79300046,25,1270
c12e,1700354984456188,5.3134871,1.8390017,0.79285073,27,1280
c12e,1700354985458026,5.3248639,1.8445839,0.77261043,22,1290
c12e,1700354986456204,5.3204951,1.8452529,0.77945554,27,1300
c12e,1700354987456430,5.3207264,1.850127,0.77623922,25,1310
c12e,1700354988456378,5.3015389,1.8503487,0.76842952,23,1320
c12e,1700354989456310,5.2981043,1.842364,0.78312719,29,1330
c12e,1700354990456357,5.29127,1.8393705,0.79692084,29,1340
c12e,1700354991457550,5.2969551,1.8319069,0.80843276,30,1350
c12e,1700354992456202,5.2945304,1.8282608,0.78586274,22,1360
c12e,1700354993456185,5.2872291,1.825097,0.79225719,27,1370
c12e,1700354994457226,5.3058696,1.8399372,0.79925513,29,1380
c12e,1700354995456252,5.3163142,2.3167808,0.55519873,88,1390
c12e,1700354996456761,5.3121023,2.1979761,0.62068218,28,1400
c12e,1700354997456775,5.3217278,2.1057911,0.6718924,29,1410
c12e,1700354998456489,5.3262482,2.030014,0.70181489,27,1420
c12e,1700354999456116,5.3454823,1.9723216,0.72938716,29,1430
c12e,1700355000456432,5.3499556,1.9371538,0.740234,26,0
c12e,1700355001456515,5.3448749,1.9138879,0.76126838,29,10
c12e,1700355002456243,5.3252711,1.8928248,0.75135922,22,20
c12e,1700355003456162,5.3357768,1.8668115,0.77751678,31,30
c12e,1700355004457465,5.3368778,1.8617964,0.77801609,26,40
c12e,1700355005456182,5.3090591,1.8474333,0.78645229,27,50
c12e,1700355006456346,5.31603,1.8378714,0.79972243,30,60
c12e,1700355007456585,5.3088689,1.8462019,0.79084486,24,70
c12e,1700355008456280,5.2908139,1.8372885,0.80549711,29,80
c12e,1700355009456177,5.2982349,1.820513,0.79794127,25,90
c12e,1700355010456727,5.2897887,1.8310369,0.79344487,25,100
c12e,1700355011457090,5.2965717,1.8365268,0.79471195,27,110
c12e,1700355012456314,5.30556,1.8405848,0.79117292,26,120
c12e,1700355013456747,5.3019743,1.8497065,0.78428233,24,130
c12e,1700355014461294,5.3077168,1.8490707,0.80353385,31,140
c12e,1700355015457142,5.2980452,1.8384775,0.80436414,27,150
c12e,1700355016458208,5.3192081,1.8448226,0.79496819,25,160
c12e,1700355017456346,5.3196526,1.8424244,0.79178208,26,170
c12e,1700355018456776,5.3307385,1.8369039,0.80081093,29,180
c12e,1700355019456301,5.3503652,1.834738,0.79949385,28,190
c12e,1700355020456266,5.34142,1.8510159,0.80338174,28,200
c12e,1700355021458632,5.3393564,1.8485545,0.81150156,30,210
c12e,1700355022457196,5.3302569,1.8586414,0.79521769,23,220
c12e,1700355023456316,5.3210726,1.8456178,0.801002,28,230
c12e,1700355024456637,5.3186121,1.843807,0.79961622,27,240
c12e,1700355025456328,5.2986321,1.8361779,0.80892777,29,250
c12e,1700355026457624,5.2988181,1.8367977,0.81197965,28,260
c12e,1700355027456322,5.2764215,1.8338816,0.81181204,27,270
c12e,1700355028456284,5.2775974,1.8417314,0.80800068,27,280
c12e,1700355029456684,5.29492,1.8335108,0.811547,29,290
c12e,1700355030456546,5.311408,1.8448395,0.80584782,27,300
c12e,1700355031457247,5.3156447,1.8387514,0.80263436,27,310
c12e,1700355032457482,5.3193121,1.8297412,0.79823774,26,320
c12e,1700355033457454,5.3272448,1.8200629,0.800183,28,330
c12e,1700355034457628,5.3212309,1.8129097,0.79942274,27,340
c12e,1700355035457276,5.3121939,1.808616,0.81665671,31,350
c12e,1700355036456388,5.3123527,1.8160683,0.81524503,28,360
c12e,1700355037456406,5.3121619,1.8149269,0.80154222,24,370
c12e,1700355038456454,5.3253641,1.8242706,0.79721755,27,380
c12e,1700355039456802,5.326313,1.8299164,0.7873401,24,390
c12e,1700355040459099,5.3122835,1.8388101,0.78425372,25,400
c12e,1700355041456699,5.3153338,1.8364552,0.78754795,27,410
c12e,1700355042456388,5.3065829,1.8206249,0.77927369,24,420
c12e,1700355043456509,5.3066335,1.8391701,0.77091604,23,430
c12e,1700355044456334,5.3036447,1.8471347,0.77282971,25,440
c12e,1700355045456469,5.2878385,1.834973,0.78577352,28,450
c12e,1700355046459503,5.3009758,1.8473917,0.79908335,30,460
c12e,1700355047457152,5.3054633,1.85246,0.79789281,27,470
c12e,1700355048456466,5.3268881,1.8472321,0.80264521,29,480
c12e,1700355049456867,5.3187,1.8421242,0.79958379,26,490
c12e,1700355050456622,5.3090863,1.831787,0.80288738,28,500
c12e,1700355051457313,5.32852,1.8383142,0.79181957,25,510
c12e,1700355052456453,5.3287344,1.8332274,0.8029964,30,520
c12e,1700355053456464,5.3183289,1.8404901,0.7962206,25,530
c12e,1700355054458232,5.291429,1.8312379,0.78135175,22,540
c12e,1700355055457762,5.2971792,1.838914,0.76924318,23,550
c12e,1700355056456513,5.3005815,1.8351475,0.78077352,28,560
c12e,1700355057456689,5.3201537,1.8401244,0.79409832,30,570
c12e,1700355058459128,5.3252168,1.8321358,0.78564239,25,580
c12e,1700355059456557,5.3030262,1.8361291,0.772968,22,590
c12e,1700355060456530,5.3054771,1.8367031,0.78247851,28,600
c12e,1700355061456954,5.3034081,1.8291765,0.79328489,29,610
c12e,1700355062456776,5.2973533,1.8389425,0.79518247,27,620
c12e,1700355063456859,5.2821436,1.8258429,0.79879814,27,630
c12e,1700355064456978,5.3007607,1.8449607,0.79844111,27,640
c12e,1700355065456548,5.2999911,1.8426441,0.80120623,28,650
c12e,1700355066456791,5.2894769,1.8358691,0.80016029,26,660
c12e,1700355067457430,5.2822347,1.8295739,0.82144153,32,670
c12e,1700355068468714,5.2963543,1.8434952,0.80619586,25,680
c12e,1700355069457376,5.3029361,1.8421738,0.80307859,27,690
c12e,1700355070456494,5.3100362,1.8310125,0.8104223,29,700
c12e,1700355071456904,5.3109384,1.8357749,0.80071515,25,710
c12e,1700355072456636,5.296546,1.8219744,0.80409408,27,720
c12e,1700355073457071,5.2827706,1.8263102,0.80114824,26,730
c12e,1700355074457183,5.2763724,1.8383783,0.79425758,25,740
c12e,1700355075456606,5.272193,1.8327059,0.798827,27,750
c12e,1700355076456679,5.2869363,1.8406436,0.80816424,30,760
c12e,1700355077456573,5.2947087,1.8452061,0.79209459,23,770
c12e,1700355078457326,5.3021345,1.8538606,0.77316093,22,780
c12e,1700355079457332,5.3115125,1.8477024,0.78066558,28,790
c12e,1700355080457393,5.3106489,1.8460826,0.77569973,24,800
c12e,1700355081456641,5.3055234,1.8486427,0.78546125,28,810
c12e,1700355082456793,5.3094287,1.8430545,0.78173178,25,820
c12e,1700355083457150,5.2971854,1.842777,0.78049034,25,830
c12e,1700355084456725,5.3071308,1.8474785,0.77357012,24,840
c12e,1700355085457267,5.3295913,1.8434755,0.78426278,29,850
c12e,1700355086458630,5.3307571,1.8317672,0.78238946,26,860
c12e,1700355087456779,5.3189526,1.8371854,0.77605218,24,870
c12e,1700355088457006,5.3167591,1.8368218,0.79389918,30,880
c12e,1700355089456648,5.3020325,1.8330121,0.79863548,27,890
c12e,1700355090456705,5.3111153,1.835776,0.81279081,31,900
c12e,1700355091457224,5.3360534,1.8471977,0.7910828,23,910
c12e,1700355092456693,5.3288317,1.8384026,0.79336125,27,920
c12e,1700355093457560,5.3398838,1.8381563,0.78793794,26,930
c12e,1700355094457749,5.3379664,1.8351952,0.78905594,27,940
c12e,1700355095456807,5.3411384,1.85143,0.7767576,23,950
c12e,1700355096456828,5.3159523,1.8470539,0.80080771,31,960
c12e,1700355097457358,5.3116632,1.833335,0.81001484,29,970
c12e,1700355098457024,5.3244138,1.8417104,0.82255155,32,980
c12e,1700355099457748,5.3212485,1.8489783,0.81087524,25,990
c12e,1700355100456751,5.3060017,1.8435117,0.80139238,25,1000
c12e,1700355101456797,5.305696,1.832796,0.80717254,29,1010
c12e,1700355102456811,5.313848,1.8473599,0.7994051,26,1020
c12e,1700355103457292,5.302145,1.8349838,0.80039728,27,1030
c12e,1700355104457667,5.3111997,1.8322017,0.81514484,31,1040
c12e,1700355105459200,5.3039937,1.8279904,0.81343275,27,1050
c12e,1700355106457065,5.3022304,1.8314241,0.82248574,30,1060
c12e,1700355107457934,5.31002,1.8360007,0.80133665,23,1070
c12e,1700355108457046,5.3059382,1.8366854,0.80652708,28,1080
c12e,1700355109458290,5.2920818,1.8298578,0.79668444,24,1090
c12e,1700355110457848,5.28186,1.8336445,0.78922307,24,1100
c12e,1700355111456716,5.2952375,1.8406409,0.77632934,23,1110
c12e,1700355112456702,5.3070688,1.8332227,0.76934516,24,1120
c12e,1700355113457429,5.3073444,1.8470746,0.76919943,25,1130
c12e,1700355114457234,5.3161216,1.8484569,0.76781547,25,1140
c12e,1700355115456799,5.3167272,1.8459283,0.77839422,28,1150
c12e,1700355116456697,5.3148246,1.8337272,0.78086066,26,1160
c12e,1700355117456886,5.3041496,1.8307679,0.80226082,31,1170
c12e,1700355118457103,5.3095026,1.8304886,0.81094968,30,1180
c12e,1700355119457603,5.3193331,1.8433179,0.81070137,28,1190
c12e,1700355120457610,5.3018184,1.8422525,0.797887,24,1200
c12e,1700355121457070,5.2906733,1.8320537,0.80871278,29,1210
c12e,1700355122457312,5.3001838,1.8401927,0.801815,26,1220
c12e,1700355123456774,5.3035469,1.8359797,0.79136848,24,1230
c12e,1700355124456846,5.31096,1.8329164,0.802509,30,1240
c12e,1700355125457183,5.2988062,1.8344218,0.79500866,25,1250
c12e,1700355126457058,5.3190022,1.8395765,0.7987898,28,1260
c12e,1700355127456868,5.3101292,1.8263274,0.80919307,29,1270
c12e,1700355128456862,5.3077841,1.8337865,0.79448223,24,1280
c12e,1700355129456868,5.3102541,1.8370945,0.78569925,24,1290
c12e,1700355130457203,5.316535,1.8344485,0.79517728,29,1300
c12e,1700355131456968,5.34642,1.837204,0.79671639,28,1310
c12e,1700355132456944,5.3256011,1.8465534,0.78482813,23,1320
c12e,1700355133457006,5.3165784,1.8504877,0.77474117,23,1330
c12e,1700355134456879,5.3078837,1.8534633,0.76942968,24,1340
c12e,1700355135461734,5.3151164,1.8503,0.76624089,24,1350
c12e,1700355136456955,5.2846146,1.8329343,0.77362323,25,1360
c12e,1700355137456845,5.3014245,1.8422524,0.7727893,25,1370
c12e,1700355138458142,5.2932544,1.8334421,0.78729874,29,1380
c12e,1700355139456910,5.2983069,1.8361248,0.78532934,26,1390
c12e,1700355140456906,5.3188958,1.829065,0.78370929,26,1400
c12e,1700355141456896,5.3399067,1.8369403,0.78777367,28,1410
c12e,1700355142456895,5.3172407,1.8175558,0.78778046,25,1420
c12e,1700355143456964,5.3360796,1.8328084,0.779412,25,1430
c12e,1700355144457027,5.3171339,1.8298661,0.77391261,24,0
c12e,1700355145457309,5.33772,1.8516036,0.77186906,25,10
c12e,1700355146457431,5.3344846,1.8397007,0.79735094,32,20
c12e,1700355147457549,5.3192677,1.8387332,0.79159933,25,30
c12e,1700355148456940,5.3177028,1.8401133,0.79446393,27,40
c12e,1700355149466462,5.3197169,1.8309149,0.802149,29,50
c12e,1700355150457321,5.3082027,1.8351094,0.7971471,25,60
c12e,1700355151456886,5.3225527,1.8445868,0.78712523,25,70
c12e,1700355152457273,5.3028378,1.8476893,0.78634161,25,80
c12e,1700355153456944,5.3057628,1.8424542,0.79444003,28,90
c12e,1700355154456984,5.2898111,1.8246292,0.79112017,25,100
c12e,1700355155457020,5.2745719,1.8136269,0.79420096,26,110
c12e,1700355156457084,5.2702217,1.8191437,0.77266824,21,120
c12e,1700355157456925,5.2958217,1.8156594,0.777367,27,130
c12e,1700355158457032,5.296844,1.8257892,0.78234154,27,140
c12e,1700355159458126,5.3070059,1.8354459,0.78959721,28,150
c12e,1700355160458118,5.3212285,1.8344592,0.779576,24,160
c12e,1700355161457128,5.3168087,1.8398762,0.78582358,27,170
c12e,1700355162457053,5.3249288,1.8437746,0.78884828,27,180
c12e,1700355163457023,5.3225212,1.8497661,0.78839058,26,190
c12e,1700355164458018,5.3055148,1.8433909,0.78578663,25,200
c12e,1700355165457097,5.2943697,1.8269049,0.791546,27,210
c12e,1700355166465180,5.2949934,1.8357188,0.78333926,24,220
c12e,1700355167457112,5.3007851,1.8392733,0.7705918,23,230
c12e,1700355168457891,5.296216,1.8317783,0.77607661,26,240
c12e,1700355169458440,5.3109674,1.8391498,0.77939206,27,250
c12e,1700355170458516,5.3045425,1.8464178,0.77860361,25,260
c12e,1700355171457084,5.3069081,1.8269377,0.79084408,29,270
c12e,1700355172457091,5.3124256,1.8304412,0.78450423,25,280
c12e,1700355173457677,5.3195777,1.8287177,0.79508626,29,290
c12e,1700355174457144,5.3364172,1.8425782,0.79869378,28,300
c12e,1700355175458690,5.3191152,1.8402538,0.8057524,28,310
c12e,1700355176457473,5.2966118,1.8283236,0.80710053,27,320
c12e,1700355177457156,5.3152804,1.8503903,0.80724543,28,330
c12e,1700355178457105,5.3238525,1.8406223,0.80200809,27,340
c12e,1700355179458044,5.3177314,1.83647,0.80581057,28,350
c12e,1700355180462102,5.30868,1.8436841,0.79760027,25,360
c12e,1700355181457143,5.3061666,1.8460699,0.78877163,24,370
c12e,1700355182457052,5.3076367,1.8440886,0.778732,24,380
c12e,1700355183457192,5.3166418,1.860454,0.76259774,22,390
c12e,1700355184457514,5.3089037,1.8433661,0.77792084,28,400
c12e,1700355185457914,5.3146534,1.8449904,0.78547955,28,410
c12e,1700355186457606,5.3259788,1.8438628,0.77755606,24,420
c12e,1700355187457330,5.3064618,1.828662,0.78006458,25,430
c12e,1700355188457177,5.3052869,1.8377376,0.78528255,27,440
c12e,1700355189457387,5.2947097,1.8432274,0.77527541,23,450
c12e,1700355190457693,5.3278804,1.850449,0.77123982,25,460
c12e,1700355191457546,5.3187695,1.8526576,0.76350671,23,470
c12e,1700355192457224,5.3331647,1.8585091,0.75109875,22,480
c12e,1700355193457404,5.3238955,1.8564702,0.76279634,27,490
c12e,1700355194458644,5.3276167,1.8555152,0.7611993,24,500
c12e,1700355195457213,5.3264275,1.852652,0.76736003,26,510
c12e,1700355196459788,5.3224478,1.8396305,0.78141761,29,520
c12e,1700355197457349,5.3142705,1.8306285,0.7898283,28,530
c12e,1700355198458504,5.3322735,1.8330282,0.78786051,27,540
c12e,1700355199458184,5.3293185,1.8292159,0.79239374,28,550
c12e,1700355200457242,5.3303261,1.8438653,0.79930872,29,560
c12e,1700355201457255,5.3277926,1.8520938,0.78348029,23,570
c12e,1700355202458252,5.3426356,1.8440737,0.7939415,29,580
c12e,1700355203457889,5.3352981,1.8426323,0.79227751,26,590
c12e,1700355204458135,5.3103471,1.8342772,0.77900022,22,600
c12e,1700355205457212,5.2937088,1.8369739,0.77244097,23,610
c12e,1700355206457350,5.3105736,1.8305187,0.77555031,27,620
c12e,1700355207457342,5.3158736,1.8258502,0.78474039,28,630
c12e,1700355208458348,100,100,100,0,640
c12e,1700355209457472,5.3406987,1.8279682,0.80122411,31,650
c12e,1700355210457306,5.3303905,1.8313667,0.80520123,28,660
c12e,1700355211457310,5.3304706,1.8389344,0.79813254,26,670
c12e,1700355212457294,5.3269143,1.8329811,0.80523074,29,680
c12e,1700355213457440,5.31998,1.8395302,0.78677291,22,690
c12e,1700355214457639,5.3194523,1.8298203,0.79968989,30,700
c12e,1700355215458130,5.3002667,1.8233068,0.79587168,25,710
c12e,1700355216457564,5.3102365,1.8247442,0.79179597,26,720
c12e,1700355217457250,5.3192263,1.8368733,0.78563106,25,730
c12e,1700355218457339,5.3169441,1.8379458,0.77741241,24,740
c12e,1700355219457310,5.3305936,1.8357077,0.79079652,30,750
c12e,1700355220457418,5.3144317,1.8335381,0.78606731,25,760
c12e,1700355221457378,5.3190002,1.8398185,0.78273678,25,770
c12e,1700355222458405,5.3147349,1.8402145,0.78333813,26,780
c12e,1700355223458107,5.3316803,1.8446472,0.78113979,26,790
c12e,1700355224457689,5.3374295,1.8495278,0.78812939,28,800
c12e,1700355225457392,5.3337874,1.8481615,0.78755766,26,810
c12e,1700355226457404,5.3101587,1.8407629,0.7859323,25,820
c12e,1700355227458242,5.3239303,1.8335507,0.80343425,31,830
c12e,1700355228457350,5.32937,1.8441937,0.79925203,26,840
c12e,1700355229457699,5.2995105,1.8285275,0.80936974,28,850
c12e,1700355230457396,5.3042564,1.8435981,0.78920293,22,860
c12e,1700355231471104,5.3294296,1.846369,0.79184669,28,870
c12e,1700355232458104,5.3275533,1.8421887,0.80127305,29,880
c12e,1700355233457419,5.3198595,1.8267834,0.81049663,57,890
c12e,1700355234457377,5.3134031,1.8230942,0.80452287,26,900
c12e,1700355235457732,5.3183074,1.8305038,0.792687,24,910
c12e,1700355236458798,5.3000035,1.8304729,0.79142922,25,920
c12e,1700355237458310,5.2937584,1.8355263,0.79793352,28,930
c12e,1700355238458752,5.2859726,1.8385943,0.78864318,24,940
c12e,1700355239457741,5.2948942,1.8385576,0.80188036,30,950
c12e,1700355240457493,5.313571,1.83255,0.8102296,30,960
c12e,1700355241458042,5.3025446,1.8378357,0.81129897,28,970
c12e,1700355242458004,5.29287,1.8321776,0.801562,25,980
c12e,1700355243457652,5.3022847,1.8380674,0.79735851,26,990
c12e,1700355244457464,5.3121219,1.8316827,0.81889349,33,1000
c12e,1700355245457482,5.3004441,1.8446745,0.79657155,22,1010
c12e,1700355246457465,5.29931,1.8446311,0.79888362,27,1020
c12e,1700355247458149,5.318285,1.8531764,0.78817457,25,1030
c12e,1700355248457614,5.3160973,1.8524189,0.78809434,26,1040
c12e,1700355249457454,5.32713,1.8561181,0.77663392,24,1050
c12e,1700355250458691,5.3185749,1.8524415,0.77134287,24,1060
c12e,1700355251457526,5.3152575,1.8438108,0.77861768,27,1070
c12e,1700355252457508,5.3057251,1.8403497,0.781314,26,1080
c12e,1700355253457534,5.2993531,1.8443775,0.76674122,22,1090
c12e,1700355254457822,5.2904596,1.8408371,0.77499443,27,1100
c12e,1700355255457689,5.3224454,1.8347839,0.78588361,29,1110
c12e,1700355256457844,5.2967687,1.8265616,0.79970932,29,1120
c12e,1700355257457517,5.3040996,1.8316783,0.80302078,28,1130
c12e,1700355258457441,5.3277264,1.833087,0.80829185,29,1140
c12e,1700355259458958,5.3118849,1.8397274,0.802189,25,1150
c12e,1700355260457828,5.2940621,1.8293262,0.80181438,26,1160
c12e,1700355261457575,5.2877712,1.8413749,0.78743106,23,1170
c12e,1700355262458408,5.2963629,1.8457429,0.77256781,22,1180
c12e,1700355263458759,5.2922535,1.8375245,0.79061592,30,1190
c12e,1700355264458479,5.2871046,1.8400786,0.79055142,26,1200
c12e,1700355265457807,5.2935905,1.8455235,0.79368228,27,1210
c12e,1700355266457954,5.31435,1.8479124,0.79002362,26,1220
c12e,1700355267457610,5.2993274,1.8420516,0.79292595,27,1230
c12e,1700355268458206,5.2952046,1.8322526,0.78308195,24,1240
c12e,1700355269458346,5.2832646,1.8369426,0.78115803,25,1250
c12e,1700355270459003,5.2754278,1.8331795,0.79538137,29,1260
c12e,1700355271457774,5.2837543,1.8308707,0.80244941,29,1270
c12e,1700355272457569,5.2811875,1.8365579,0.80131406,27,1280
c12e,1700355273458882,5.2919683,1.8296388,0.80137432,27,1290
c12e,1700355274457580,5.3094645,1.840506,0.78847313,24,1300
c12e,1700355275457570,5.3220644,1.8397626,0.78077042,25,1310
c12e,1700355276457668,5.3277464,1.8415215,0.79213756,29,1320
c12e,1700355277457603,5.3085728,1.8378928,0.78002089,23,1330
c12e,1700355278471468,5.3048749,1.8322173,0.78659475,27,1340
c12e,1700355279457642,5.3034124,1.830937,0.799258,29,1350
c12e,1700355280458749,5.3184495,1.8422008,0.78973734,25,1360
c12e,1700355281457627,5.3054361,1.8443311,0.78329265,24,1370
c12e,1700355282457762,5.3386912,1.8526934,0.78094941,26,1380
c12e,1700355283457717,5.3231478,1.853649,0.76472127,21,1390
c12e,1700355284457866,5.3217816,1.8469741,0.78612065,30,1400
c12e,1700355285457608,5.3163834,1.8312203,0.80605257,31,1410
c12e,1700355286458509,5.32327,1.8358283,0.80027062,26,1420
c12e,1700355287459146,5.2906532,1.8368993,0.80499852,27,1430
c12e,1700355288457619,5.3118935,1.8385328,0.80837196,29,0
c12e,1700355289457791,5.3257647,1.8493646,0.79647607,25,10
c12e,1700355290457969,5.3258414,1.8531685,0.80060512,28,20
c12e,1700355291457809,5.3114748,1.8503034,0.786517,23,30
c12e,1700355292459416,5.319119,1.8393704,0.80667412,32,40
c12e,1700355293457734,5.3300915,1.8301158,0.80217379,27,50
c12e,1700355294457738,5.3218689,1.824236,0.80805635,29,60
c12e,1700355295457830,5.3150253,1.8278036,0.79970086,25,70
c12e,1700355296458698,5.3116469,1.831228,0.8019889,28,80
c12e,1700355297457689,5.3022795,1.8457018,0.79510754,25,90
c12e,1700355298458060,5.2916059,1.8337072,0.79358411,26,100
c12e,1700355299457787,5.2996,1.8422092,0.78385782,24,110
c12e,1700355300457715,5.3191929,1.8388411,0.78949612,28,120
c12e,1700355301457807,5.327641,1.838593,0.79345882,28,130
c12e,1700355302458682,5.3364124,1.8361692,0.79515666,28,140
c12e,1700355303468562,5.3193755,1.8471906,0.79316813,26,150
c12e,1700355304458786,5.3176322,1.8311114,0.79877442,28,160
c12e,1700355305457791,5.3217607,1.8416653,0.79711992,27,170
c12e,1700355306457918,5.3103304,1.8490884,0.78938514,24,180
c12e,1700355307458692,5.2952132,1.8371501,0.79869175,28,190
c12e,1700355308458064,5.295887,1.8352923,0.7974413,27,200
c12e,1700355309458151,5.3014903,1.8382592,0.80359983,29,210
c12e,1700355310457740,5.3087878,1.8267574,0.81892532,32,220
c12e,1700355311457850,5.3125262,1.829663,0.82250577,29,230
c12e,1700355312462083,5.3229752,1.8353695,0.82312828,29,240
c12e,1700355313457753,5.3455911,1.8379599,0.812221,27,250
c12e,1700355314457774,5.3398414,1.8372929,0.8085866,27,260
c12e,1700355315461836,5.3421254,1.8345333,0.80989587,28,270
c12e,1700355316458640,5.357193,1.8425429,0.79575956,25,280
c12e,1700355317460464,5.3297238,1.8416874,0.78872168,24,290
c12e,1700355318457774,5.316062,1.8358157,0.7890026,26,300
c12e,1700355319457870,5.3220234,1.8235215,0.81174541,33,310
c12e,1700355320459528,5.3312273,1.8278106,0.80897689,28,320
c12e,1700355321457824,5.3264079,1.8363405,0.79775882,25,330
c12e,1700355322458078,5.3026385,1.8290426,0.79994589,27,340
c12e,1700355323457828,5.3237038,1.8362449,0.80527556,29,350
c12e,1700355324458025,5.31505,1.8325943,0.81977874,31,360
c12e,1700355325458190,5.3135366,1.8406522,0.81873649,28,370
c12e,1700355326457879,5.3386426,1.8522869,0.80122626,24,380
c12e,1700355327457915,5.3461132,1.8515471,0.79981679,27,390
c12e,1700355328457880,5.3470521,1.8525251,0.79345495,26,400
c12e,1700355329460089,5.3370695,1.8490207,0.79806954,28,410
c12e,1700355330458015,5.3516092,1.8424429,0.8017019,29,420
c12e,1700355331458706,5.3330793,1.8481698,0.79861224,26,430
c12e,1700355332458682,5.3276172,1.8457209,0.79782385,27,440
c12e,1700355333459208,5.3103304,1.8425573,0.79168254,25,450
c12e,1700355334457964,5.31064,1.8407487,0.78771853,25,460
c12e,1700355335458731,5.317935,1.8437284,0.78959662,27,470
c12e,1700355336458016,5.3300929,1.8466022,0.79115182,27,480
c12e,1700355337458278,5.3294549,1.845988,0.80153126,29,490
c12e,1700355338458038,5.3243828,1.8404253,0.80109525,27,500
c12e,1700355339458020,5.355629,1.8431047,0.80292249,29,510
c12e,1700355340458929,5.3318286,1.8313845,0.82252806,32,520
c12e,1700355341458877,5.3150067,1.8399318,0.81090623,25,530
c12e,1700355342459051,5.3094831,1.8403019,0.79704708,24,540
c12e,1700355343458086,5.2865186,1.8261406,0.79826045,26,550
c12e,1700355344457986,5.2948642,1.8328326,0.78459597,23,560
c12e,1700355345458564,5.3003778,1.8378736,0.78807533,27,570
c12e,1700355346458876,5.2852015,1.8419338,0.79219252,27,580
c12e,1700355347459383,5.2918935,1.8236274,0.80311626,29,590
c12e,1700355348457970,5.2839675,1.8311757,0.80442142,27,600
c12e,1700355349458054,5.3051229,1.8415905,0.80026895,27,610
c12e,1700355350458230,5.3247461,2.302484,0.55971181,87,620
c12e,1700355351471706,5.3291411,2.1811314,0.61073649,25,630
c12e,1700355352457977,5.3035049,2.0805817,0.67413658,30,640
c12e,1700355353459884,5.2875819,2.0050795,0.71891767,30,650
c12e,1700355354458034,5.292593,1.9715054,0.73722529,27,660
c12e,1700355355458058,5.2914858,1.9331708,0.75374347,27,670
c12e,1700355356459022,5.3030033,1.9072063,0.76815069,28,680
c12e,1700355357459434,5.299448,1.8764359,0.79307765,31,690
c12e,1700355358459012,5.2960963,1.8641174,0.80067784,28,700
c12e,1700355359458117,5.3272629,1.8416718,0.8223927,34,710
c12e,1700355360458162,5.3253374,1.8533703,0.80855483,25,720
c12e,1700355361458121,5.3163509,1.8473533,0.785848,22,730
c12e,1700355362458040,5.3100543,1.8481026,0.77735829,24,740
c12e,1700355363458139,5.3260064,1.844749,0.78670478,29,750
c12e,1700355364458431,5.3343978,1.8547873,0.78142482,25,760
c12e,1700355365458502,5.3322811,1.8396852,0.78940922,28,770
c12e,1700355366465669,5.3338833,1.8421865,0.7821278,25,780
c12e,1700355367458021,5.3192706,1.8391104,0.78010613,25,790
c12e,1700355368458091,5.3459644,1.8240927,0.79468155,30,800
c12e,1700355369458141,5.3645048,1.8309573,0.798598,29,810
c12e,1700355370458361,5.3594966,1.840066,0.7888428,25,820
c12e,1700355371458618,5.3293982,1.8414017,0.801798,29,830
c12e,1700355372458210,5.3318925,1.8405714,0.80511159,28,840
c12e,1700355373459026,5.3356814,1.8384601,0.80734491,28,850
c12e,1700355374458228,5.3135905,1.8386254,0.79741073,24,860
c12e,1700355375458719,5.3163581,1.8377739,0.795438,27,870
c12e,1700355376458411,5.3374376,1.8487047,0.78209722,24,880
c12e,1700355377458118,5.3058691,1.8420053,0.78236645,25,890
c12e,1700355378458460,5.3129969,1.8387887,0.7818616,26,900
c12e,1700355379458920,5.3131137,1.8401347,0.78125143,26,910
c12e,1700355380458324,5.3067307,1.8464239,0.77310526,23,920
c12e,1700355381458162,5.2965345,1.8415753,0.77279884,25,930
c12e,1700355382458732,5.2936339,1.8423278,0.775615,26,940
c12e,1700355383458315,5.2846885,1.8371416,0.7849223,27,950
c12e,1700355384458196,5.2698154,1.8245339,0.79171365,27,960
c12e,1700355385458234,5.27945,1.8420573,0.78404588,24,970
c12e,1700355386458208,5.2747993,1.8251919,0.791251,27,980
c12e,1700355387458282,5.289537,1.8380506,0.77505875,22,990
c12e,1700355388458166,5.2932205,1.8381112,0.77067518,24,1000
c12e,1700355389458420,5.2745714,1.8392782,0.78830379,29,1010
c12e,1700355390459210,5.295434,1.8455197,0.77973616,24,1020
c12e,1700355391458781,5.2955222,1.8408643,0.78627604,27,1030
c12e,1700355392458234,5.3111105,1.8379591,0.7998569,30,1040
c12e,1700355393458243,5.3041945,1.8410878,0.79012442,24,1050
c12e,1700355394458402,5.3132734,1.8324124,0.80537921,31,1060
c12e,1700355395458284,5.327775,1.8469903,0.79317987,25,1070
c12e,1700355396459211,5.3225894,1.8404778,0.79788792,28,1080
c12e,1700355397459055,5.321785,1.8428533,0.7911008,25,1090
c12e,1700355398458335,5.3479538,1.836248,0.79583281,29,1100
c12e,1700355399458511,5.3576574,1.8185319,0.81043655,31,1110
c12e,1700355400458278,5.350687,1.8345519,0.79150367,23,1120
c12e,1700355401458758,5.3630943,1.8439757,0.79763883,29,1130
c12e,1700355402458363,5.3574481,1.8345782,0.811015,31,1140
c12e,1700355403458402,5.3670678,1.8374662,0.81934488,31,1150
c12e,1700355404458292,5.348918,1.8406876,0.81011969,26,1160
c12e,1700355405459122,5.3272562,1.8476377,0.80859625,27,1170
c12e,1700355406458390,5.3419371,1.8487309,0.80389541,27,1180
c12e,1700355407459114,5.3457594,1.8439032,0.819152,32,1190
c12e,1700355408459902,5.3277297,1.8282717,0.83102679,31,1200
c12e,1700355409458328,5.3089304,1.8272941,0.81982046,25,1210
c12e,1700355410458340,5.3166423,1.8380433,0.81368929,27,1220
c12e,1700355411458365,5.293478,1.831022,0.80734086,25,1230
c12e,1700355412458290,5.2910833,1.8492491,0.79582494,24,1240
c12e,1700355413458888,5.3077054,1.8492982,0.7902233,26,1250
c12e,1700355414458346,5.3001089,1.8323441,0.811198,32,1260
c12e,1700355415458320,5.2945943,1.8420976,0.79791427,24,1270
c12e,1700355416459281,5.3015084,1.8338253,0.80087638,28,1280
c12e,1700355417458382,5.3086519,1.8356413,0.80177438,28,1290
c12e,1700355418458313,5.3262916,1.8390094,0.79020947,25,1300
c12e,1700355419458616,5.3159451,1.843356,0.79063976,26,1310
c12e,1700355420459136,5.30894,1.8488522,0.77437711,22,1320
c12e,1700355421458345,5.3162007,1.8347429,0.80082327,33,1330
c12e,1700355422458477,5.3015828,1.8425112,0.779518,21,1340
c12e,1700355423459310,5.2851019,1.8387668,0.78105778,25,1350
c12e,1700355424459506,5.2967572,1.8400837,0.78982115,28,1360
c12e,1700355425458994,5.3075018,1.838096,0.79216874,27,1370
c12e,1700355426458510,5.2899337,1.8340253,0.7964012,27,1380
c12e,1700355427458398,5.2854948,1.8366814,0.784157,23,1390
c12e,1700355428458395,5.3024116,1.8384304,0.78747523,27,1400
c12e,1700355429458474,5.31664,1.8382349,0.78586084,26,1410
c12e,1700355430458908,5.311172,1.8471762,0.78306347,25,1420
c12e,1700355431458997,5.3187475,1.8404933,0.78903192,28,1430
c12e,1700355432458531,5.3110189,1.8459547,0.77412695,22,0
c12e,1700355433458663,5.3228526,1.8359212,0.78677905,29,10
c12e,1700355434458695,5.330081,1.8437511,0.78362703,26,20
c12e,1700355435458416,5.3223467,1.8446125,0.76865727,22,30
c12e,1700355436458883,5.3109756,1.8387674,0.77682424,27,40
c12e,1700355437458440,5.3259368,1.8377155,0.77852017,27,50
c12e,1700355438459178,5.3127341,1.8358202,0.78536892,27,60
c12e,1700355439458452,5.2952676,1.8322977,0.79100651,27,70
c12e,1700355440458475,5.3060627,1.8388677,0.7862463,25,80
c12e,1700355441458671,5.3088984,1.8294117,0.80537337,31,90
c12e,1700355442458581,5.3105469,1.8449035,0.79887021,26,100
c12e,1700355443458709,5.3191919,1.8475593,0.78133541,23,110
c12e,1700355444458566,5.3052726,1.8410445,0.78893739,27,120
c12e,1700355445459311,5.3102212,1.8223026,0.80521506,31,130
c12e,1700355446458664,5.324614,1.8400362,0.80584663,28,140
c12e,1700355447459050,5.3058019,1.8405311,0.79327077,23,150
c12e,1700355448458743,5.2983618,1.8548828,0.78948903,25,160
c12e,1700355449458612,5.3056955,1.861809,0.77778089,23,170
c12e,1700355450459445,5.307972,1.8552185,0.78502375,28,180
c12e,1700355451458648,5.3122344,1.8494514,0.7812565,25,190
c12e,1700355452459121,5.3010473,1.8424126,0.78473157,26,200
c12e,1700355453458669,5.306941,1.844295,0.78690612,27,210
c12e,1700355454458932,5.3242612,1.8250328,0.79105222,28,220
c12e,1700355455459780,5.3314862,1.829694,0.79264665,27,230
c12e,1700355456458942,5.3324313,1.8325477,0.80137479,29,240
c12e,1700355457458613,5.3338208,1.8397884,0.79892373,27,250
c12e,1700355458458922,5.3186245,1.8366486,0.80167061,27,260
c12e,1700355459458643,5.3045549,1.8372209,0.79437983,25,270
c12e,1700355460458629,5.3336267,1.8466805,0.79053462,26,280
c12e,1700355461458650,5.3709607,1.8367939,0.79965454,30,290
c12e,1700355462459928,5.364634,1.8414756,0.79737484,27,300
c12e,1700355463459078,5.3659196,1.8361716,0.80483556,29,310
c12e,1700355464459133,5.3550024,1.8293809,0.80606735,28,320
c12e,1700355465458928,5.33241,1.839172,0.79758424,25,330
c12e,1700355466458647,5.3170881,1.8369337,0.80174482,28,340
c12e,1700355467459564,5.3058562,1.8273273,0.81391346,30,350
c12e,1700355468460341,5.30481,1.8286535,0.80968469,27,360
c12e,1700355469459589,5.3116412,1.8390268,0.8243643,32,370
c12e,1700355470458701,5.3091774,1.8322262,0.8126508,25,380
c12e,1700355471459522,5.2923341,1.8369434,0.80361837,25,390
c12e,1700355472462954,5.2937965,1.8343627,0.79623318,25,400
c12e,1700355473460414,5.3131933,1.8440064,0.78627926,25,410
c12e,1700355474458868,5.3188276,1.8425287,0.79161751,28,420
c12e,1700355475458672,5.294343,1.8417923,0.7909146,25,430
c12e,1700355476458770,5.3024178,1.8394002,0.78951776,26,440
c12e,1700355477459802,5.2976694,1.825487,0.803262,30,450
c12e,1700355478458686,5.2889004,1.8288217,0.78973883,23,460
c12e,1700355479459126,5.2959132,1.8311892,0.7909494,27,470
c12e,1700355480459155,5.3133259,1.8364605,0.78342545,25,480
c12e,1700355481458741,5.32815,1.828647,0.7854349,27,490
c12e,1700355482459545,5.306963,1.8312982,0.78508639,25,500
c12e,1700355483461860,5.3451376,1.8354892,0.78783345,60,510
c12e,1700355484460308,5.3464246,1.8486397,0.7796604,24,520
c12e,1700355485458963,5.32915,1.8483943,0.78207737,26,530
c12e,1700355486458958,5.3258057,1.8401418,0.79923362,30,540
c12e,1700355487458792,5.3466878,1.8378929,0.797325,27,550
c12e,1700355488458820,5.3418207,1.8242358,0.80932379,30,560
c12e,1700355489459725,5.3440266,1.8167465,0.81345773,29,570
c12e,1700355490459574,5.3149276,1.8127174,0.80015022,23,580
c12e,1700355491459228,5.3007174,1.8193341,0.80329329,27,590
c12e,1700355492459332,5.2961845,1.8338733,0.78030145,21,600
c12e,1700355493458820,5.3003488,1.8313427,0.78700429,28,610
c12e,1700355494458817,5.3157077,1.8506951,0.77779925,24,620
c12e,1700355495459886,5.2862415,1.8412453,0.77307671,23,630
c12e,1700355496459054,5.2949524,1.8337979,0.77150291,25,640
c12e,1700355497458833,5.3039045,1.8503636,0.77196568,25,650
c12e,1700355498459020,5.309752,1.842292,0.7901926,30,660
c12e,1700355499459120,5.3140397,1.8382707,0.78507382,25,670
c12e,1700355500460477,5.3106203,1.8464396,0.78321534,25,680
c12e,1700355501458889,5.3070436,1.8569813,0.78594518,26,690
c12e,1700355502458842,5.314106,1.8581125,0.79535389,29,700
c12e,1700355503459007,5.3169889,1.8473521,0.80478942,29,710
c12e,1700355504458891,5.3089013,1.8474115,0.80454224,27,720
c12e,1700355505458873,5.3077235,1.827809,0.81470382,30,730
c12e,1700355506459209,5.3048062,1.8297648,0.80952132,27,740
c12e,1700355507460668,5.3145361,1.8376808,0.80484176,27,750
c12e,1700355508458926,5.3015647,1.8546089,0.77204126,18,760
c12e,1700355509459018,5.309588,1.8593614,0.761603,23,770
c12e,1700355510458984,5.3260283,1.8532094,0.77882516,30,780
c12e,1700355511459261,5.3301797,1.8545393,0.77309793,24,790
c12e,1700355512459349,5.341156,1.8568822,0.77955425,28,800
c12e,1700355513459214,5.3292842,1.8486855,0.78921068,28,810
c12e,1700355514459071,5.3307385,1.8366247,0.80087841,30,820
c12e,1700355515458938,5.3260207,1.8355293,0.78975344,24,830
c12e,1700355516459768,5.3184834,1.8281724,0.78890431,26,840
c12e,1700355517459842,5.3133054,1.8307809,0.79305774,27,850
c12e,1700355518461252,5.3180995,1.8318518,0.78993905,26,860
c12e,1700355519460655,5.3129644,1.8394041,0.7978186,28,870
c12e,1700355520459575,5.312037,1.8362137,0.7973178,27,880
c12e,1700355521459090,5.3345137,1.8401034,0.79116017,26,890
c12e,1700355522459320,5.3324709,1.839626,0.79363686,27,900
c12e,1700355523459004,5.3301349,1.8299598,0.810693,31,910
c12e,1700355524459941,5.30982,1.8330215,0.80868131,27,920
c12e,1700355525461755,5.3161874,1.8306735,0.81341863,29,930
c12e,1700355526460050,5.3236318,1.8492423,0.818685,30,940
c12e,1700355527459329,5.32971,1.839722,0.80674005,25,950
c12e,1700355528459009,5.3128467,1.8387905,0.79916453,25,960
c12e,1700355529459038,5.3278341,1.8318399,0.79526234,27,970
c12e,1700355530459067,5.3390756,1.8361902,0.79131132,26,980
c12e,1700355531459951,5.346334,1.8349786,0.77691096,23,990
c12e,1700355532460212,5.3337684,1.8321823,0.77922589,26,1000
c12e,1700355533459026,5.318975,1.8273048,0.78983629,28,1010
c12e,1700355534459082,5.3071818,1.8309234,0.78604209,25,1020
c12e,1700355535459118,5.3173962,1.8348476,0.782208,25,1030
c12e,1700355536459092,5.3235722,1.8407656,0.78147411,26,1040
c12e,1700355537459809,5.3134446,1.8461529,0.78417373,26,1050
c12e,1700355538460360,5.3103838,1.8494033,0.76899171,22,1060
c12e,1700355539459905,5.334538,1.8558556,0.77372259,27,1070
c12e,1700355540460228,5.330111,1.8544084,0.78090906,27,1080
c12e,1700355541459474,5.3288608,1.8532807,0.77815878,25,1090
c12e,1700355542459927,5.3402457,1.8478702,0.78236264,27,1100
c12e,1700355543459086,5.3343339,1.8425672,0.78939086,28,1110
c12e,1700355544466637,5.336823,1.8472892,0.7838738,25,1120
c12e,1700355545459058,5.3252282,1.8451265,0.78564936,26,1130
c12e,1700355546460368,5.3649182,1.832842,0.80403924,32,1140
c12e,1700355547459033,5.3376808,1.8470606,0.78780085,22,1150
c12e,1700355548459055,5.3430867,1.8368765,0.80706191,32,1160
c12e,1700355549459054,5.3511524,1.8363457,0.81291938,30,1170
c12e,1700355550459176,5.3722315,1.8270724,0.82004547,31,1180
c12e,1700355551460139,5.342073,1.8258334,0.83064264,30,1190
c12e,1700355552459462,5.356111,1.8375057,0.81334788,25,1200
c12e,1700355553460139,5.3496628,1.8361841,0.80817264,27,1210
c12e,1700355554459144,5.3254256,1.8391473,0.80659813,27,1220
c12e,1700355555459211,5.3247275,1.842589,0.804363,27,1230
c12e,1700355556459282,5.3124762,1.8337988,0.82076639,31,1240
c12e,1700355557459592,5.2839141,1.8323557,0.81210744,25,1250
c12e,1700355558459066,5.3060207,1.8380523,0.8078714,27,1260
c12e,1700355559459363,5.3193369,1.8423706,0.80115604,26,1270
c12e,1700355560459430,5.3141589,1.8450848,0.79143846,24,1280
c12e,1700355561459318,5.3294463,2.3215737,0.55939436,88,1290
c12e,1700355562459094,5.3368716,2.199132,0.61676604,27,1300
c12e,1700355563459268,5.3045373,2.1055551,0.65562731,24,1310
c12e,1700355564460130,5.2929549,2.0374703,0.69093663,26,1320
c12e,1700355565459195,5.3094082,1.9743681,0.71949089,28,1330
c12e,1700355566459189,5.3211913,1.9446182,0.74281812,28,1340
c12e,1700355567459253,5.3338761,1.9215052,0.74138319,23,1350
c12e,1700355568459238,5.3371472,1.8984371,0.76054728,29,1360
c12e,1700355569460700,5.3487539,1.8868282,0.7543807,23,1370
c12e,1700355570459239,5.322042,1.8626637,0.77894068,30,1380
c12e,1700355571459382,5.2970476,1.8495185,0.78335738,26,1390
c12e,1700355572459264,5.3210955,1.8442827,0.79070622,29,1400
c12e,1700355573459234,5.3348451,1.842592,0.79368782,28,1410
c12e,1700355574459545,5.3259153,1.8526938,0.78199345,23,1420
c12e,1700355575460092,5.3130856,1.8426886,0.79191196,28,1430
c12e,1700355576459242,5.3121533,1.8430868,0.79286933,27,0
c12e,1700355577459151,5.28889,1.8262872,0.80812395,29,10
c12e,1700355578459247,5.3146148,1.8385823,0.80146557,26,20
c12e,1700355579460220,5.3100638,1.8407773,0.79565203,25,30
c12e,1700355580459325,5.3395705,1.8427113,0.79819185,28,40
c12e,1700355581459626,5.3407021,1.8414909,0.79242295,26,50
c12e,1700355582460932,5.3266892,1.8371079,0.79134387,26,60
c12e,1700355583459494,5.3063493,1.825501,0.81466037,32,70
c12e,1700355584459570,5.3175282,1.8351853,0.81141,28,80
c12e,1700355585460234,5.3160014,1.8307878,0.80254513,25,90
c12e,1700355586460094,5.3140721,1.8385895,0.79113823,24,100
c12e,1700355587459535,5.2860374,1.8359503,0.79164183,25,110
c12e,1700355588459630,5.2721539,1.8207655,0.80050772,28,120
c12e,1700355589460246,5.2953024,1.8374801,0.79649615,26,130
c12e,1700355590459391,5.3016152,1.8266292,0.794994,26,140
c12e,1700355591461057,5.3122106,1.8375442,0.79101366,26,150
c12e,1700355592459336,5.2958307,1.832812,0.79208052,26,160
c12e,1700355593459406,5.3099122,1.8399476,0.78370744,25,170
c12e,1700355594459354,5.3032527,1.8440652,0.78191447,25,180
c12e,1700355595459383,5.3045788,1.8507854,0.772773,23,190
c12e,1700355596459364,5.2993984,1.8375823,0.78561372,28,200
c12e,1700355597459730,5.2889547,1.8276548,0.78852808,26,210
c12e,1700355598459848,5.3024993,1.8353763,0.7745977,23,220
c12e,1700355599459456,5.3298497,1.8445531,0.78470421,29,230
c12e,1700355600470466,5.3032947,1.8514611,0.77875191,23,240