c12e,1692604807296322,5.2450433,2.0599303,0.81025368,27,479
c12e,1692604807297814,5.2423792,2.0539396,0.81429404,27,489
c12e,1692604807298772,5.235507,2.0511723,0.81451821,26,499
c12e,1692604807299594,5.2471085,2.0570018,0.81072193,26,509
c12e,1692604807300496,5.2381449,2.0633223,0.79500818,51,519
c12e,1692604807301202,5.2297029,2.0561745,0.79758215,25,529
c12e,1692604807469518,5.2331223,2.0466096,0.8060903,28,539
c12e,1692604808469575,5.2170444,2.0535336,0.80570149,24,549
c12e,1692604809470414,5.2156844,2.062211,0.80398697,25,559
c12e,1692604810471470,5.2160153,2.0582471,0.80373842,25,569
c12e,1692604811469583,5.222137,2.0581403,0.80243206,25,579
c12e,1692604812470221,5.218575,2.0529678,0.80397016,26,589
c12e,1692604813469674,5.2304454,2.0503488,0.80210626,26,599
c12e,1692604814469526,5.2359419,2.049619,0.80738264,27,609
c12e,1692604815469700,5.2336822,2.0573912,0.79742819,23,619
c12e,1692604816470572,5.2188935,2.0566607,0.793605,23,629
c12e,1692604817470827,5.2152405,2.0503964,0.79748762,26,639
c12e,1692604818469935,5.2091942,2.0434537,0.7853967,22,649
c12e,1692604819469739,5.2091928,2.0409873,0.79605192,27,659
c12e,1692604820469809,5.2126031,2.0454338,0.80861312,28,669
c12e,1692604821470127,5.2031322,2.0492816,0.80011445,23,679
c12e,1692604822469974,5.1995883,2.0483389,0.79362005,23,689
c12e,1692604823470117,5.1942053,2.0474169,0.81038445,28,699
c12e,1692604824470026,5.2035456,2.0493624,0.80686826,25,709
c12e,1692604825470568,5.2164974,2.0621254,0.79882777,24,719
c12e,1692604826470604,5.2266703,2.5532341,0.61620462,89,729
c12e,1692604827469706,5.222971,2.4288981,0.66036737,25,739
c12e,1692604828469758,5.21013,2.335397,0.70392525,27,749
c12e,1692604829470667,5.2249622,2.2620645,0.72887588,26,759
c12e,1692604830470254,5.222661,2.21437,0.74193525,24,769
c12e,1692604831469802,5.2418532,2.1804652,0.74877483,24,779
c12e,1692604832469791,5.2368021,2.1429238,0.75206786,23,789
c12e,1692604833469752,5.2204285,2.1229649,0.77586883,27,799
c12e,1692604834469803,5.2103829,2.1006393,0.79272079,27,809
c12e,1692604835470083,5.2139063,2.0923674,0.7922188,25,819
c12e,1692604836470148,5.2160635,2.0816305,0.79365683,25,829
c12e,1692604837470254,5.205996,2.0730608,0.79651684,25,839
c12e,1692604838470259,5.2127476,2.0691769,0.79938465,26,849
c12e,1692604839470013,5.221209,2.073349,0.80521345,27,859
c12e,1692604840469947,5.2187142,2.068687,0.80808222,26,869
c12e,1692604841470019,5.2083707,2.0683668,0.81051147,26,879
c12e,1692604842469962,5.2171435,2.0677183,0.79771662,23,889
c12e,1692604843470322,5.1979957,2.065228,0.79712695,24,899
c12e,1692604844469932,5.2021141,2.058805,0.78787357,23,909
c12e,1692604845470464,5.2134366,2.0479569,0.79557425,27,919
c12e,1692604846470392,5.2147279,2.0513158,0.78196084,21,929
c12e,1692604847470121,5.212575,2.0545456,0.78810173,25,939
c12e,1692604848471589,5.208097,2.0546484,0.78147888,22,949
c12e,1692604849469978,5.2214837,2.0558448,0.78963059,27,959
c12e,1692604850470062,5.2358479,2.0638134,0.78653163,24,969
c12e,1692604851470019,5.2147903,2.0654435,0.7842263,23,979
c12e,1692604852470490,5.2110658,2.0612123,0.78011996,23,989
c12e,1692604853470901,5.223793,2.0571415,0.78740579,26,999
c12e,1692604854471457,5.2365837,2.0564756,0.802352,29,1009
c12e,1692604855470055,5.2140307,2.06076,0.79551864,22,1019
c12e,1692604856471491,5.2029858,2.0490961,0.802869,26,1029
c12e,1692604857470010,5.1984568,2.050895,0.80198646,25,1039
c12e,1692604858470066,5.1888876,2.0576859,0.80028528,24,1049
c12e,1692604859470015,5.198102,2.0539417,0.80339593,26,1059
c12e,1692604860470374,5.2071342,2.0493865,0.7943759,23,1069
c12e,1692604861470129,5.2161646,2.0466356,0.78815365,24,1079
c12e,1692604862471168,5.2126927,2.0524189,0.79504287,26,1089
c12e,1692604863470386,5.2058363,2.0610206,0.79262412,23,1099
c12e,1692604864470110,5.2114911,2.0620549,0.7889576,24,1109
c12e,1692604865470610,5.2119074,2.0595224,0.79474533,26,1119
c12e,1692604866470113,5.2231936,2.0666516,0.7913931,24,1129
c12e,1692604867470209,5.2110219,2.0672743,0.79028022,24,1139
c12e,1692604868470054,5.2076287,2.0630007,0.79168874,25,1149
c12e,1692604869471368,5.1945181,2.0597384,0.78462046,22,1159
c12e,1692604870471520,5.1936154,2.0480146,0.79935914,28,1169
c12e,1692604871470918,5.2203307,2.061507,0.79411781,24,1179
c12e,1692604872470350,5.2152786,2.0643325,0.78593773,22,1189
c12e,1692604873470204,5.212173,2.0607743,0.7881093,25,1199
c12e,1692604874471164,5.2066936,2.0596337,0.79058218,25,1209
c12e,1692604875470060,5.2145586,2.0567319,0.79750186,27,1219
c12e,1692604876470215,5.2161641,2.0640078,0.79432213,24,1229
c12e,1692604877470140,5.2073922,2.0590372,0.797627,25,1239
c12e,1692604878470128,5.2133293,2.0609756,0.78483951,22,1249
c12e,1692604879470307,5.2242417,2.0609159,0.78648293,25,1259
c12e,1692604880470233,5.2097483,2.0594306,0.7988714,27,1269
c12e,1692604881470191,5.2112246,2.0555952,0.8119539,28,1279
c12e,1692604882472088,5.2064548,2.0594985,0.80758649,24,1289
c12e,1692604883470188,5.209321,2.0588739,0.7977103,23,1299
c12e,1692604884470570,5.2163281,2.066354,0.79267174,24,1309
c12e,1692604885470214,5.21096,2.061933,0.8015734,27,1319
c12e,1692604886470200,5.2129159,2.051347,0.80247927,26,1329
c12e,1692604887470276,5.22823,2.0630553,0.80242443,26,1339
c12e,1692604888471338,5.2157121,2.0504713,0.81556523,28,1349
c12e,1692604889470301,5.2135487,2.055743,0.82033807,27,1359
c12e,1692604890470220,5.2044249,2.0562954,0.82258344,26,1369
c12e,1692604891470380,5.2047515,2.0551322,0.8223877,26,1379
c12e,1692604892470295,5.2164655,2.0573442,0.81397635,25,1389
c12e,1692604893472452,5.2112131,2.0554638,0.81155312,25,1399
c12e,1692604894470605,5.2120991,2.0463462,0.81416571,27,1409
c12e,1692604895470256,5.2080588,2.0511694,0.80696493,24,1419
c12e,1692604896470298,5.2038417,2.0439062,0.81318361,27,1429
c12e,1692604897470541,5.1976433,2.0394497,0.81365973,26,1439
c12e,1692604898470286,5.2067409,2.0414157,0.81901884,28,9
c12e,1692604899470711,5.2033844,2.0540061,0.80144888,21,19
c12e,1692604900470774,5.2124023,2.0522969,0.79474241,24,29
c12e,1692604901470578,5.2123671,2.0563676,0.7905134,24,39
c12e,1692604902470531,5.2182989,2.0541933,0.7995497,27,49
c12e,1692604903470866,5.2168932,2.0565073,0.79012507,23,59
c12e,1692604904470394,5.2311306,2.0546441,0.78753138,25,69
c12e,1692604905470685,5.2211466,2.0585244,0.78051186,22,79
c12e,1692604906470374,5.2065768,2.0468254,0.78904957,25,89
c12e,1692604907470556,5.213017,2.0500102,0.78404039,23,99
c12e,1692604908471290,5.2217112,2.0453155,0.80291682,30,109
c12e,1692604909470452,5.2020893,2.0391667,0.80831963,26,119
c12e,1692604910471389,5.2104707,2.0433416,0.81604874,28,129
c12e,1692604911471350,5.2240376,2.0493522,0.80570781,24,139
c12e,1692604912471355,5.2127428,2.0419781,0.8099888,26,149
c12e,1692604913470464,5.215167,2.0430522,0.80793363,25,159
c12e,1692604914471308,5.2137542,2.0386109,0.80983645,26,169
c12e,1692604915470916,5.1945434,2.0390413,0.80425024,23,179
c12e,1692604916470539,5.2074838,2.0483794,0.81172234,28,189
c12e,1692604917470535,5.2134085,2.0469418,0.81167382,26,199
c12e,1692604918470858,5.2113142,2.0538652,0.80371886,23,209
c12e,1692604919470510,5.2164974,2.0529127,0.79784775,24,219
c12e,1692604920471016,5.2237587,2.0629802,0.79829872,25,229
c12e,1692604921471780,5.2087293,2.0535345,0.79260492,23,239
c12e,1692604922472358,5.2081132,2.0525663,0.79487765,25,249
c12e,1692604923470518,5.207974,2.0508578,0.8014189,26,259
c12e,1692604924470538,5.2154031,2.0574803,0.79330611,23,269
c12e,1692604925470610,5.2401571,2.0597758,0.78653234,24,279
c12e,1692604926473814,5.2207985,2.0498567,0.79667759,26,289
c12e,1692604927470644,5.227221,2.0505459,0.79283172,24,299
c12e,1692604928471605,5.2314372,2.0448689,0.77909529,22,309
c12e,1692604929470577,5.2258549,2.0577989,0.77454448,22,319
c12e,1692604930470547,5.2151289,2.0536807,0.78164554,25,329
c12e,1692604931470514,5.2299,2.0580111,0.7893241,27,339
c12e,1692604932470812,5.2147846,2.0595317,0.78505445,23,349
c12e,1692604933470575,5.2248292,2.0665498,0.78617465,25,359
c12e,1692604934473238,5.21464,2.0665271,0.797636,27,369
c12e,1692604935473098,5.2273278,2.0677872,0.79976672,26,379
c12e,1692604936470557,5.2162576,2.0619581,0.79960847,25,389
c12e,1692604937471639,5.2078681,2.0588751,0.80355406,26,399
c12e,1692604938470853,5.2022815,2.0517762,0.81411362,28,409
c12e,1692604939470518,5.1926093,2.0545688,0.80990809,24,419
c12e,1692604940470607,5.1911,2.0571625,0.808276,25,429
c12e,1692604941470904,5.1957178,2.0543928,0.80936223,26,439
c12e,1692604942474289,5.2029624,2.0540209,0.81840652,28,449
c12e,1692604943471871,5.2050109,2.0602822,0.8016898,22,459
c12e,1692604944470622,5.1868711,2.049655,0.80915117,26,469
c12e,1692604945471482,5.17353,2.050317,0.80414462,23,479
c12e,1692604946470950,5.1871357,2.0448568,0.803017,25,489
c12e,1692604947471046,5.1915178,2.0446799,0.80073112,25,499
c12e,1692604948471067,5.1997747,2.0564396,0.7966451,24,509
c12e,1692604949471170,5.2047095,2.0579607,0.791445,24,519
c12e,1692604950470714,5.218082,2.0516865,0.797913,27,529
c12e,1692604951470677,5.2188325,2.0557711,0.7943458,24,539
c12e,1692604952470750,5.226275,2.061125,0.78744608,23,549
c12e,1692604953471554,5.2078381,2.0677807,0.77445328,20,559
c12e,1692604954472291,5.2152557,2.0633292,0.77561057,24,569
c12e,1692604955470714,5.2376084,2.0647783,0.77658617,25,579
c12e,1692604956470984,5.2258105,2.059768,0.77979767,24,589
c12e,1692604957470694,5.2137504,2.0515215,0.784748,25,599
c12e,1692604958481729,5.2120371,2.0609293,0.79751396,27,609
c12e,1692604959471273,5.22912,2.0689847,0.79441726,25,619
c12e,1692604960471062,5.2334619,2.0648921,0.7911365,24,629
c12e,1692604961470776,5.2385559,2.060313,0.78822738,24,639
c12e,1692604962471876,5.2605333,2.0592756,0.788932,26,649
c12e,1692604963470652,5.2350583,2.0633976,0.78760535,23,659
c12e,1692604964471154,5.2228141,2.0554292,0.79609382,26,669
c12e,1692604965470675,5.2115426,2.0615959,0.79771847,24,679
c12e,1692604966471234,5.2089586,2.0662448,0.7955237,24,689
c12e,1692604967470955,5.2058253,2.0700855,0.78831893,22,699
c12e,1692604968470700,5.1992269,2.0622144,0.79117197,25,709
c12e,1692604969470674,5.2052855,2.0527375,0.783694,23,719
c12e,1692604970470871,5.2144232,2.0560985,0.80344892,29,729
c12e,1692604971470858,5.2170405,2.0457692,0.81449026,29,739
c12e,1692604972470781,5.2457762,2.0559485,0.80498749,25,749
c12e,1692604973471328,5.2340589,2.0595236,0.80589163,25,759
c12e,1692604974471565,5.2206769,2.0553946,0.81231809,27,769
c12e,1692604975470772,5.2179003,2.053067,0.81239378,26,779
c12e,1692604976471391,5.2142119,2.0546978,0.80512065,24,789
c12e,1692604977471596,5.2302003,2.0566082,0.805633,26,799
c12e,1692604978470973,5.2483978,2.0690434,0.80465347,26,809
c12e,1692604979470861,5.2256436,2.0604627,0.81182253,26,819
c12e,1692604980470896,5.231472,2.0565319,0.81381619,27,829
c12e,1692604981470860,5.2304974,2.0464056,0.81410754,26,839
c12e,1692604982472042,5.2390318,2.0448337,0.80680382,25,849
c12e,1692604983471019,5.2488394,2.0499978,0.8059507,26,859
c12e,1692604984470834,5.2500811,2.0499363,0.81322426,28,869
c12e,1692604985470872,5.2426605,2.0541434,0.81175488,26,879
c12e,1692604986470896,5.236083,2.0519128,0.81555349,27,889
c12e,1692604987472078,5.2410841,2.0530281,0.81641096,27,899
c12e,1692604988471766,5.2238045,2.0522177,0.81685174,26,909
c12e,1692604989475398,5.2064919,2.0563121,0.81463891,25,919
c12e,1692604990470912,5.217103,2.0586572,0.8005386,23,929
c12e,1692604991470987,5.2033248,2.0554714,0.79564536,23,939
c12e,1692604992470903,5.2182856,2.0518618,0.8039099,28,949
c12e,1692604993471017,5.2202892,2.0595367,0.79976296,24,959
c12e,1692604994471238,5.2442012,2.0634832,0.79241431,24,969
c12e,1692604995471008,5.2324891,2.0593698,0.79423904,25,979
c12e,1692604996470919,5.221272,2.062598,0.80354679,27,989
c12e,1692604997470977,5.2337365,2.0604031,0.80367136,26,999
c12e,1692604998475391,5.2300415,2.0614178,0.8016752,25,1009
c12e,1692604999471023,5.2363877,2.0538633,0.79879045,25,1019
c12e,1692605000471823,5.2187247,2.057822,0.79443705,23,1029
c12e,1692605001471184,5.2322326,2.0529964,0.7995258,27,1039
c12e,1692605002471877,5.2269135,2.053426,0.78910714,22,1049
c12e,1692605003471892,5.2191896,2.0528138,0.78697318,24,1059
c12e,1692605004472380,5.224576,2.0452056,0.78938377,25,1069
c12e,1692605005471929,5.228126,2.0567973,0.77482617,21,1079
c12e,1692605006471924,5.2390938,2.0594611,0.78723758,27,1089
c12e,1692605007471782,5.2434869,2.063421,0.78949511,25,1099
c12e,1692605008471336,5.2369189,2.0659616,0.79029477,24,1109
c12e,1692605009471080,5.2109404,2.064328,0.79910785,25,1119
c12e,1692605010471474,5.2149405,2.0691085,0.80503124,26,1129
c12e,1692605011472185,5.239202,2.0916984,0.82278967,30,1139
c12e,1692605012471778,5.2468863,2.0832224,0.81330651,25,1149
c12e,1692605013472027,5.2329607,2.0723484,0.81816137,27,1159
c12e,1692605014471331,5.2281055,2.0703969,0.81285024,25,1169
c12e,1692605015471064,5.2381883,2.0658708,0.80389357,24,1179
c12e,1692605016471148,5.2399421,2.0582929,0.79418606,23,1189
c12e,1692605017471198,5.2131886,2.0520642,0.79866308,25,1199
c12e,1692605018471062,5.2162056,2.0623293,0.78924108,22,1209
c12e,1692605019471159,5.2216945,2.0595295,0.7808553,23,1219
c12e,1692605020472100,5.2109284,2.0516906,0.79447842,27,1229
c12e,1692605021472120,5.2157106,2.062479,0.79073316,24,1239
c12e,1692605022471559,5.2161841,2.0684454,0.78748643,23,1249
c12e,1692605023471107,5.2111669,2.0648708,0.78481787,23,1259
c12e,1692605024478582,5.2141547,2.0710206,0.78182346,23,1269
c12e,1692605025472054,5.2082992,2.0631466,0.77971405,23,1279
c12e,1692605026471194,5.216013,2.0627749,0.79448444,28,1289
c12e,1692605027471634,5.2216716,2.0690422,0.79408085,25,1299
c12e,1692605028471216,5.2393351,2.0808129,0.79367,25,1309
c12e,1692605029471606,5.2211041,2.0642273,0.79971224,26,1319
c12e,1692605030471218,5.2220063,2.0569568,0.79601806,24,1329
c12e,1692605031472338,5.2217684,2.0537198,0.809497,28,1339
c12e,1692605032473922,5.2180982,2.0529988,0.81648839,27,1349
c12e,1692605033471454,5.219728,2.0477505,0.80954695,25,1359
c12e,1692605034471268,5.2080779,2.0577946,0.80036473,22,1369
c12e,1692605035471215,5.2175846,2.0533509,0.79936969,25,1379
c12e,1692605036471292,5.2314939,2.0641949,0.80604637,27,1389
c12e,1692605037471683,5.2223411,2.0559063,0.81137055,27,1399
c12e,1692605038471252,5.2301435,2.0512147,0.80622929,25,1409
c12e,1692605039471218,5.208653,2.0514464,0.80120152,23,1419
c12e,1692605040471580,5.213572,2.05404,0.81119931,28,1429
c12e,1692605041471318,5.227973,2.0578566,0.81958425,29,1439
c12e,1692605042471395,5.21937,2.056545,0.81690538,25,9
c12e,1692605043471640,5.2156215,2.0510914,0.81400508,25,19
c12e,1692605044471688,5.2208257,2.0473936,0.81500661,27,29
c12e,1692605045471298,5.2076054,2.0470314,0.82103294,27,39
c12e,1692605046471374,5.19653,2.0486376,0.81795359,25,49
c12e,1692605047471349,5.1959076,2.0535851,0.81094426,24,59
c12e,1692605048471419,5.1970634,2.0546904,0.81206673,26,69
c12e,1692605049471304,5.2141137,2.051362,0.81413496,27,79
c12e,1692605050471393,5.2105904,2.0604031,0.8021633,22,89
c12e,1692605051471294,5.21072,2.0530021,0.80747831,27,99
c12e,1692605052472276,5.2234597,2.0584586,0.81936055,29,109
c12e,1692605053471386,5.21862,2.0598059,0.8182503,26,119
c12e,1692605054471406,5.19468,2.0579705,0.81174082,23,129
c12e,1692605055471379,5.1950741,2.0504436,0.799724,23,139
c12e,1692605056471448,5.1882911,2.049319,0.80957097,27,149
c12e,1692605057471511,5.207994,2.0502644,0.79762417,23,159
c12e,1692605058471352,5.2110276,2.0634217,0.78600872,22,169
c12e,1692605059471428,5.2189112,2.0621152,0.78706717,25,179
c12e,1692605060471864,5.2190194,2.0658803,0.78547019,24,189
c12e,1692605061471526,5.2014995,2.0642068,0.79434371,25,199
c12e,1692605062471719,5.2046938,2.0653985,0.78815711,23,209
c12e,1692605063471416,5.2256155,2.0619509,0.78642213,25,219
c12e,1692605064474092,5.2193308,2.0633788,0.77619904,21,229
c12e,1692605065473274,5.219646,2.0658085,0.782095,25,239
c12e,1692605066471420,5.2215657,2.0673881,0.79008484,26,249
c12e,1692605067471791,5.2311325,2.0676632,0.79531533,26,259
c12e,1692605068471917,5.2348518,2.0599689,0.79653233,26,269
c12e,1692605069471537,5.2314262,2.0575309,0.79304945,24,279
c12e,1692605070472200,5.2220058,2.0534394,0.7948544,25,289
c12e,1692605071472749,5.2217145,2.0659909,0.7926451,24,299
c12e,1692605072471450,5.2282467,2.0684614,0.79203749,25,309
c12e,1692605073471466,5.2220664,2.0626037,0.80352956,27,319
c12e,1692605074471684,5.2169089,2.0641379,0.79772931,24,329
c12e,1692605075477856,5.2208605,2.0601301,0.80315667,27,339
c12e,1692605076471446,5.2151093,2.0540438,0.8151266,28,349
c12e,1692605077471855,5.2235475,2.0509374,0.817254,27,359
c12e,1692605078472322,5.2258945,2.0600417,0.82639664,29,369
c12e,1692605079472273,5.2209072,2.0582242,0.804689,21,379
c12e,1692605080471571,5.2315917,2.0578353,0.80591166,26,389
c12e,1692605081471534,5.2204404,2.0546675,0.80004174,24,399
c12e,1692605082472050,5.2205935,2.0527654,0.79662347,24,409
c12e,1692605083471736,5.2158942,2.0530849,0.80619276,27,419
c12e,1692605084471742,5.2251239,2.0548074,0.8066324,26,429
c12e,1692605085481504,5.2042356,2.0514081,0.81249297,26,439
c12e,1692605086472153,5.2016048,2.0407484,0.80805528,25,449
c12e,1692605087472944,5.2044687,2.0427577,0.8100248,26,459
c12e,1692605088471913,5.2111421,2.0539405,0.80809665,25,469
c12e,1692605089472462,5.2046375,2.0487795,0.80163771,24,479
c12e,1692605090472400,5.2210493,2.0497427,0.80821359,28,489
c12e,1692605091471678,5.219708,2.0380454,0.82049775,29,499
c12e,1692605092471717,5.2254453,2.0438738,0.81199431,25,509
c12e,1692605093472008,5.2188964,2.0439627,0.80778509,25,519
c12e,1692605094471757,5.22668,2.0415757,0.80270004,25,529
c12e,1692605095482312,5.2085986,2.0431,0.80472791,25,539
c12e,1692605096471946,5.1996856,2.0453496,0.79620874,23,549
c12e,1692605097471700,5.214952,2.0522475,0.79305017,24,559
c12e,1692605098472434,5.2077355,2.0591557,0.78220552,21,569
c12e,1692605099471746,5.1955581,2.0544193,0.79696405,27,579
c12e,1692605100473616,5.214118,2.0604978,0.79327881,24,589
c12e,1692605101472578,5.2217431,2.0548298,0.80605227,29,599
c12e,1692605102471850,5.2214794,2.0601904,0.80354345,25,609
c12e,1692605103471780,5.2217431,2.0627246,0.80146772,25,619
c12e,1692605104472093,5.2324195,2.0615122,0.7975738,25,629
c12e,1692605105471695,5.2392745,2.067795,0.78657442,22,639
c12e,1692605106472548,5.2203784,2.0673769,0.788307,24,649
c12e,1692605107473094,5.2362957,2.0624681,0.79156989,26,659
c12e,1692605108472575,5.2265558,2.0630469,0.79386055,25,669
c12e,1692605109471949,5.2112489,2.0651877,0.79572535,24,679
c12e,1692605110471775,5.2128334,2.06522,0.79188,24,689
c12e,1692605111471761,5.2159476,2.0624423,0.78451741,23,699
c12e,1692605112471761,5.2162161,2.0636411,0.78844577,25,709
c12e,1692605113471957,5.2320633,2.068403,0.78165716,23,719
c12e,1692605114473540,5.2419748,2.0694976,0.78161883,24,729
c12e,1692605115472007,5.2415342,2.0642192,0.78868955,26,739
c12e,1692605116471873,5.2480736,2.0677435,0.78911924,25,749
c12e,1692605117471971,5.225616,2.0665643,0.79152036,24,759
c12e,1692605118473015,5.2182941,2.0695236,0.78624409,23,769
c12e,1692605119472188,5.2073331,2.0730894,0.78763843,24,779
c12e,1692605120472650,5.2243929,2.0768757,0.78325492,24,789
c12e,1692605121474222,5.232276,2.0769434,0.79150862,27,799
c12e,1692605122472949,5.2285905,2.0687909,0.78940189,51,809
c12e,1692605123472282,5.2114153,2.068722,0.7936883,25,819
c12e,1692605124471904,5.1941948,2.0697446,0.79320759,23,829
c12e,1692605125471973,5.190279,2.070591,0.78655696,22,839
c12e,1692605126472262,5.1949482,2.0665307,0.78142881,23,849
c12e,1692605127472704,5.179162,2.0644703,0.78356177,23,859
c12e,1692605128472662,5.2087712,2.0634921,0.78173941,25,869
c12e,1692605129471848,5.2203093,2.062732,0.77164632,22,879
c12e,1692605130472812,5.2152972,2.0643916,0.78477192,26,889
c12e,1692605131471970,5.2126694,2.0520048,0.78470713,24,899
c12e,1692605132471940,5.211823,2.0481791,0.7945683,27,909
c12e,1692605133471871,5.2107239,2.0372005,0.80269253,27,919
c12e,1692605134472401,5.2126617,2.0400767,0.80569059,26,929
c12e,1692605135480103,5.2236691,2.0428782,0.8049531,26,939
c12e,1692605136471919,5.2215595,2.040801,0.80440897,25,949
c12e,1692605137473251,5.2170439,2.0366905,0.81355381,28,959
c12e,1692605138471950,5.2015,2.0347233,0.80173272,22,969
c12e,1692605139473650,5.2025347,2.043365,0.80701166,26,979
c12e,1692605140472082,5.2019958,2.0410428,0.8107959,26,989
c12e,1692605141472106,5.2025852,2.0438943,0.80966204,25,999
c12e,1692605142476744,5.197401,2.0502849,0.8015635,23,1009
c12e,1692605143472332,5.1987414,2.0494506,0.80077744,25,1019
c12e,1692605144472833,5.22263,2.0531366,0.79193074,24,1029
c12e,1692605145472079,5.2317138,2.0543411,0.79068506,25,1039
c12e,1692605146472095,5.2301497,2.0490923,0.79907823,27,1049
c12e,1692605147471974,5.2264109,2.0558095,0.81360823,29,1059
c12e,1692605148472688,5.2205567,2.0595446,0.82313675,28,1069
c12e,1692605149473074,5.2148461,2.0551195,0.81325,24,1079
c12e,1692605150475363,5.2253981,2.0633495,0.80527163,24,1089
c12e,1692605151474334,5.2122884,2.0642166,0.79780978,23,1099
c12e,1692605152471996,5.2161856,2.059711,0.79849857,25,1109
c12e,1692605153472116,5.2083325,2.0580668,0.79965925,25,1119
c12e,1692605154472494,5.218483,2.0607126,0.80304587,26,1129
c12e,1692605155472030,5.2145281,2.066149,0.80242342,25,1139
c12e,1692605156472052,5.2161913,2.0674133,0.79679352,24,1149
c12e,1692605157472133,5.2023544,2.0526481,0.80436528,26,1159
c12e,1692605158472998,5.1965237,2.0540681,0.80847824,26,1169
c12e,1692605159472734,5.2137403,2.0584426,0.8078984,26,1179
c12e,1692605160472890,5.2149911,2.0531542,0.80744338,26,1189
c12e,1692605161472400,5.20341,2.0495565,0.80621111,25,1199
c12e,1692605162472240,5.1925716,2.0485592,0.80199093,24,1209
c12e,1692605163472153,5.1851349,2.0458596,0.80848664,26,1219
c12e,1692605164472295,5.193542,2.0603683,0.7904048,21,1229
c12e,1692605165473340,5.2015929,2.0559537,0.79598558,26,1239
c12e,1692605166473016,5.2086954,2.0596268,0.79343349,24,1249
c12e,1692605167472228,5.2270727,2.0657244,0.79210377,25,1259
c12e,1692605168472276,5.2284031,2.0597188,0.78608084,23,1269
c12e,1692605169472174,5.2429671,2.0676093,0.78068215,23,1279
c12e,1692605170472499,5.2364058,2.0599458,0.78912669,26,1289
c12e,1692605171472546,5.2288032,2.0505998,0.79491019,26,1299
c12e,1692605172473032,5.2223992,2.0572081,0.80717754,28,1309
c12e,1692605173473012,5.2186842,2.0529981,0.79194051,22,1319
c12e,1692605174472874,5.2144146,2.0516973,0.804619,28,1329
c12e,1692605175472208,5.2098022,2.0470567,0.79837143,24,1339
c12e,1692605176472412,5.1910858,2.0473795,0.800862,24,1349
c12e,1692605177474649,5.1887107,2.0468457,0.7965892,24,1359
c12e,1692605178473014,5.1956134,2.0516291,0.80347526,27,1369
c12e,1692605179473164,5.213129,2.0462203,0.80554289,27,1379
c12e,1692605180472874,5.1955361,2.0460565,0.81976873,28,1389
c12e,1692605181472312,5.1958666,2.0467992,0.819778,26,1399
c12e,1692605182472209,5.211967,2.0493803,0.81542426,26,1409
c12e,1692605183472329,5.2162952,2.0543773,0.81394094,26,1419
c12e,1692605184472474,5.2132673,2.074038,0.81042105,24,1429
c12e,1692605185473020,5.2168202,2.0587609,0.812527,27,1439
c12e,1692605186472576,5.2293692,2.0581243,0.81360239,27,9
c12e,1692605187472707,5.2362175,2.0632124,0.80833161,25,19
c12e,1692605188472294,5.2204027,2.0641139,0.80010468,23,29
c12e,1692605189472380,5.2187018,2.0597823,0.79905194,25,39
c12e,1692605190472412,5.2082181,2.0569751,0.80952418,27,49
c12e,1692605191472274,5.2028031,2.054529,0.80773407,25,59
c12e,1692605192472363,5.2091923,2.056392,0.80122548,24,69
c12e,1692605193472489,5.20804,2.0674627,0.79927927,24,79
c12e,1692605194481892,5.2189865,2.5249653,0.61001724,88,89
c12e,1692605195473101,5.2142291,2.4035306,0.66715527,27,99
c12e,1692605196472508,5.2108765,2.3195176,0.70137012,25,109
c12e,1692605197472392,5.2200937,2.2578123,0.72451854,25,119
c12e,1692605198472392,5.2230344,2.2095315,0.73964489,24,129
c12e,1692605199472624,5.2332592,2.1736796,0.75429231,26,139
c12e,1692605200472642,5.2347569,2.1464579,0.77445537,28,149
c12e,1692605201472335,5.2381015,2.1312022,0.77559924,24,159
c12e,1692605202472577,5.2295051,2.1112213,0.78926593,27,169
c12e,1692605203472849,5.2401619,2.0987508,0.78518987,24,179
c12e,1692605204472414,5.2409973,2.085268,0.79412633,27,189
c12e,1692605205472418,5.2335253,2.071651,0.80145055,27,199
c12e,1692605206472458,5.225101,2.0695453,0.79422742,23,209
c12e,1692605207473363,5.2203546,2.0682178,0.79730171,25,219
c12e,1692605208474037,5.2344694,2.0661721,0.79684478,26,229
c12e,1692605209472786,5.2411466,2.0673184,0.80332905,27,239
c12e,1692605210472530,5.24334,2.0695598,0.797996,24,249
c12e,1692605211472697,5.2382355,2.0729361,0.79356325,24,259
c12e,1692605212472536,5.2366891,2.0724638,0.78955895,24,269
c12e,1692605213473004,5.2267671,2.0778232,0.79481596,25,279
c12e,1692605214473317,5.2252903,2.068558,0.79459584,25,289
c12e,1692605215472460,5.2193027,2.0678082,0.79196614,24,299
c12e,1692605216472588,5.2260623,2.0684576,0.78956372,24,309
c12e,1692605217472688,5.2166805,2.0632288,0.79066956,24,319
c12e,1692605218473261,5.2107964,2.0618496,0.799304,26,329
c12e,1692605219472569,5.2159171,2.0578277,0.80140549,26,339
c12e,1692605220472947,5.2236691,2.0657673,0.79108685,23,349
c12e,1692605221472587,5.2393675,2.0705442,0.78627753,24,359
c12e,1692605222472590,5.2389216,2.0602467,0.800067,28,369
c12e,1692605223473388,5.2410555,2.0609865,0.80136883,26,379
c12e,1692605224473509,5.2530084,2.0589302,0.80517215,27,389
c12e,1692605225473684,5.2351284,2.0547194,0.80076814,24,399
c12e,1692605226472642,5.2280092,2.0566154,0.79721808,24,409
c12e,1692605227472596,5.2147517,2.0560727,0.80834955,27,419
c12e,1692605228473878,5.1903925,2.055691,0.80973417,24,429
c12e,1692605229472843,5.1970344,2.0481472,0.8087737,26,439
c12e,1692605230472558,5.2096839,2.0490525,0.82072788,29,449
c12e,1692605231473294,5.2043009,2.0455327,0.81785911,25,459
c12e,1692605232472666,5.1948996,2.0559196,0.79826683,20,469
c12e,1692605233472656,5.207243,2.0594413,0.79634619,25,479
c12e,1692605234472703,5.2146478,2.0627952,0.7963168,25,489
c12e,1692605235472628,5.2221894,2.0633256,0.7908712,24,499
c12e,1692605236472953,5.2148418,2.0582514,0.78350025,22,509
c12e,1692605237472702,5.2123981,2.0511477,0.79986477,28,519
c12e,1692605238472851,5.2241611,2.056819,0.79197514,23,529
c12e,1692605239473695,5.2237067,2.0533981,0.79537547,26,539
c12e,1692605240473480,5.2166624,2.0577307,0.7969138,25,549
c12e,1692605241474497,5.2217016,2.0555034,0.79836816,26,559
c12e,1692605242473602,5.2416205,2.0569191,0.80349344,27,569
c12e,1692605243473616,5.241096,2.0500252,0.79604149,24,579
c12e,1692605244475068,5.2366877,2.0525441,0.78782278,23,589
c12e,1692605245472820,5.2328343,2.0482967,0.78533661,24,599
c12e,1692605246474898,5.2295771,2.0542443,0.78017205,23,609
c12e,1692605247472799,5.222445,2.0546958,0.78397572,25,619
c12e,1692605248472739,5.2170243,2.0482416,0.78944868,25,629
c12e,1692605249472762,5.2225103,2.0492637,0.78975093,25,639
c12e,1692605250473616,5.2278061,2.0497179,0.79563415,26,649
c12e,1692605251473965,5.2363429,2.0613227,0.79488879,25,659
c12e,1692605252472805,5.2175393,2.0504072,0.80001825,25,669
c12e,1692605253473084,5.2206497,2.0450034,0.79784596,25,679
c12e,1692605254472832,5.2177415,2.0436566,0.78871876,23,689
c12e,1692605255472738,5.2173572,2.032933,0.80076504,28,699
c12e,1692605256474269,5.2098022,2.0412469,0.79549432,23,709
c12e,1692605257472979,5.2293243,2.0535147,0.79155219,24,719
c12e,1692605258477808,5.2313943,2.0534208,0.78749788,24,729
c12e,1692605259472920,5.2228079,2.0538933,0.79365933,26,739
c12e,1692605260472880,5.2200093,2.0572495,0.79561234,25,749
c12e,1692605261473644,5.2162275,2.04743,0.79188722,24,759
c12e,1692605262474140,5.2431111,2.0531435,0.79491913,27,769
c12e,1692605263472879,5.23117,2.0470974,0.79798371,25,779
c12e,1692605264472830,5.2320695,2.0474393,0.80125421,26,789
c12e,1692605265473235,5.2343311,2.0495439,0.79560679,24,799
c12e,1692605266473894,5.210289,2.0475657,0.80246419,25,809
c12e,1692605267473781,5.2175312,2.0511296,0.79669571,24,819
c12e,1692605268474223,5.2126856,2.0548036,0.80664134,27,829
c12e,1692605269473238,5.2135062,2.060425,0.81320727,27,839
c12e,1692605270472965,5.2073359,2.059577,0.8055678,24,849
c12e,1692605271472907,5.2202916,2.0607548,0.79904091,24,859
c12e,1692605272472888,5.2118139,2.0602219,0.80202872,25,869
c12e,1692605273472985,5.2093158,2.061069,0.79260361,23,879
c12e,1692605274472938,5.1903152,2.0572946,0.79363728,24,889
c12e,1692605275474648,5.1911187,2.0605531,0.79770726,25,899
c12e,1692605276473126,5.199955,2.056397,0.8104524,28,909
c12e,1692605277473870,5.2197332,2.052182,0.8053472,25,919
c12e,1692605278473643,5.2157292,2.0519562,0.8115769,27,929
c12e,1692605279472952,5.2041569,2.0549908,0.80174404,23,939
c12e,1692605280472982,5.2148609,2.0583661,0.79197371,23,949
c12e,1692605281473070,5.2260566,2.0638311,0.7842105,23,959
c12e,1692605282473002,5.2175064,2.0632985,0.78961861,25,969
c12e,1692605283473928,5.2116141,2.059339,0.79038036,24,979
c12e,1692605284474433,5.2224169,2.0588188,0.77904576,22,989
c12e,1692605285473890,5.2148008,2.0558915,0.78454137,25,999
c12e,1692605286474371,5.2213712,2.0626142,0.7953186,27,1009
c12e,1692605287473996,5.2168841,2.0626123,0.80624372,27,1019
c12e,1692605288473010,5.2213788,2.0598602,0.80649656,26,1029
c12e,1692605289473124,5.2296386,2.0560598,0.80954248,27,1039
c12e,1692605290473514,5.2180243,2.058398,0.8062433,24,1049
c12e,1692605291472995,5.208415,2.0586824,0.80390787,24,1059
c12e,1692605292473158,5.1977158,2.0643048,0.80043054,23,1069
c12e,1692605293473234,5.1919622,2.0671093,0.79518229,23,1079
c12e,1692605294473078,5.196466,2.0702355,0.795067,24,1089
c12e,1692605295474624,5.1838975,2.0615869,0.78463882,21,1099
c12e,1692605296473117,5.1785531,2.0690165,0.78144604,22,1109
c12e,1692605297473046,5.1982288,2.0632982,0.78274167,25,1119
c12e,1692605298473963,5.201138,2.071821,0.786036,24,1129
c12e,1692605299474042,5.1928725,2.0745974,0.7790758,21,1139
c12e,1692605300478342,5.2073717,2.076952,0.77212578,22,1149
c12e,1692605301473210,5.2099252,2.0740435,0.77418029,24,1159
c12e,1692605302473194,5.2312055,2.074218,0.77794254,25,1169
c12e,1692605303481702,5.219151,2.074872,0.78470951,25,1179
c12e,1692605304473249,5.2275443,2.06439,0.79313719,27,1189
c12e,1692605305474395,5.227366,2.0579486,0.78808445,24,1199
c12e,1692605306474550,5.2258439,2.06206,0.78510666,23,1209
c12e,1692605307474026,5.2172165,2.0624504,0.79533076,26,1219
c12e,1692605308473254,5.201138,2.0626144,0.79654223,24,1229
c12e,1692605309473260,5.2030363,2.0566425,0.80852669,28,1239
c12e,1692605310473140,5.2024913,2.0504835,0.80690479,25,1249
c12e,1692605311473202,5.204093,2.0542791,0.81364417,27,1259
c12e,1692605312473285,5.2095141,2.0582285,0.79622132,22,1269
c12e,1692605313473253,5.2047238,2.0585151,0.79571921,24,1279
c12e,1692605314473269,5.2257457,2.0539203,0.7899763,24,1289
c12e,1692605315473338,5.2239962,2.0601995,0.792624,25,1299
c12e,1692605316474112,5.2196574,2.0518217,0.79062968,24,1309
c12e,1692605317473360,5.2282023,2.0505102,0.78784722,24,1319
c12e,1692605318473658,5.2045403,2.048862,0.78509,22,1329
c12e,1692605319473378,5.1979103,2.0590653,0.78664291,24,1339
c12e,1692605320473394,5.1958528,2.0536387,0.79522061,26,1349
c12e,1692605321474202,5.2150846,2.0566216,0.79751694,26,1359
c12e,1692605322474412,5.2140036,2.0545557,0.78946304,23,1369
c12e,1692605323473298,5.226583,2.06062,0.78791106,24,1379
c12e,1692605324473748,5.2174993,2.063961,0.79069996,24,1389
c12e,1692605325473321,5.2073636,2.0616744,0.80132049,27,1399
c12e,1692605326473358,5.2056894,2.052695,0.80341715,26,1409
c12e,1692605327473390,5.2178626,2.0566635,0.80558681,26,1419
c12e,1692605328473300,5.2135053,2.0562131,0.80900568,26,1429
c12e,1692605329480612,5.206953,2.0526991,0.81823933,28,1439
c12e,1692605330473316,5.2011313,2.0598617,0.80807137,23,9
c12e,1692605331473407,5.190434,2.0614467,0.8047868,24,19
c12e,1692605332473464,5.2144632,2.0612645,0.79812646,53,29
c12e,1692605333473411,5.2181559,2.057301,0.80261374,26,39
c12e,1692605334473618,5.2182312,2.049957,0.806358,26,49
c12e,1692605335473744,5.2235818,2.0568144,0.80968159,27,59
c12e,1692605336474297,5.2243352,2.0551448,0.80261296,24,69
c12e,1692605337474870,5.2190866,2.0578454,0.79591107,23,79
c12e,1692605338473502,5.2075062,2.0584962,0.79266638,23,89
c12e,1692605339473488,5.2241726,2.0684173,0.79506481,26,99
c12e,1692605340473392,5.2189889,2.0685966,0.78931677,23,109
c12e,1692605341473456,5.2216268,2.0726283,0.80458206,28,119
c12e,1692605342474292,5.2260623,2.0655007,0.81288123,28,129
c12e,1692605343473464,5.2232456,2.0590613,0.81441849,26,139
c12e,1692605344473450,5.2220488,2.0512774,0.81521159,26,149
c12e,1692605345473532,5.2165055,2.0526583,0.82129633,27,159
c12e,1692605346473883,5.2280893,2.0517976,0.81142408,25,169
c12e,1692605347473537,5.2298794,2.0549035,0.80659819,25,179
c12e,1692605348474973,5.2282071,2.0493603,0.798301,24,189
c12e,1692605349473589,5.228632,2.0538881,0.79610765,25,199
c12e,1692605350473472,5.2374821,2.0577378,0.79569918,25,209
c12e,1692605351475612,5.235805,2.0620031,0.80113208,26,219
c12e,1692605352474520,5.2208056,2.0546854,0.8009364,25,229
c12e,1692605353473485,5.2128553,2.0493078,0.81297368,28,239
c12e,1692605354473564,5.2152033,2.0469813,0.81207907,26,249
c12e,1692605355473510,5.2157636,2.0410843,0.80554873,24,259
c12e,1692605356474490,5.2110891,2.040216,0.80695522,26,269
c12e,1692605357473926,5.2091761,2.0474455,0.79823458,23,279
c12e,1692605358479154,5.2173581,2.0566211,0.79961491,25,289
c12e,1692605359473648,5.2034,2.0471208,0.79758704,24,299
c12e,1692605360473599,5.2112265,2.0526626,0.80026776,26,309
c12e,1692605361473559,5.2133532,2.0619936,0.79166049,23,319
c12e,1692605362474670,5.2200246,2.0630078,0.79648054,26,329
c12e,1692605363473518,5.2078547,2.0596831,0.787168,22,339
c12e,1692605364473654,5.207057,2.0557995,0.78884441,25,349
c12e,1692605365474781,5.2035131,2.0591125,0.80012381,27,359
c12e,1692605366473656,5.2088733,2.0539558,0.8102622,28,369
c12e,1692605367473597,5.2165637,2.0598133,0.81260979,27,379
c12e,1692605368475760,5.204803,2.0621033,0.82148439,27,389
c12e,1692605369473702,5.199441,2.0563951,0.81186569,24,399
c12e,1692605370474169,5.2021027,2.0533135,0.8070519,25,409
c12e,1692605371476551,5.204195,2.0497017,0.79942709,24,419
c12e,1692605372473672,5.2128043,2.0532148,0.79938221,25,429
c12e,1692605373475039,5.2178607,2.0602999,0.79991841,25,439
c12e,1692605374473928,5.4394922,2.0556905,0.81679738,45,449
c12e,1692605375473737,5.3769917,2.0495481,0.81977111,27,459
c12e,1692605376473695,5.3308229,2.0439715,0.80987942,24,469
c12e,1692605377473610,5.3016725,2.0546923,0.80009443,23,479
c12e,1692605378474171,5.2745028,2.0533657,0.78855371,22,489
c12e,1692605379474724,5.2617536,2.0602217,0.79627013,26,499
c12e,1692605380473661,5.2437177,2.0573523,0.81987858,31,509
c12e,1692605381474760,5.2440939,2.0571637,0.80548811,23,519
c12e,1692605382473850,5.240355,2.0534439,0.80909383,27,529
c12e,1692605383473886,5.2433367,2.0503426,0.79974931,24,539
c12e,1692605384473696,5.2503142,2.0588012,0.79734021,25,549
c12e,1692605385474123,5.219708,2.0548246,0.79853219,24,559
c12e,1692605386474490,5.2086792,2.0440803,0.7997393,25,569
c12e,1692605387473769,5.2155571,2.05174,0.80386704,26,579
c12e,1692605388474073,5.1947575,2.0424726,0.81176448,26,589
c12e,1692605389473810,5.1950526,2.0482643,0.80516404,24,599
c12e,1692605390474363,5.1917825,2.0506818,0.79605657,23,609
c12e,1692605391474809,5.2035193,2.0547407,0.79591167,25,619
c12e,1692605392473760,5.2112093,2.0552452,0.78807396,23,629
c12e,1692605393475286,5.2023077,2.0517006,0.79424524,25,639
c12e,1692605394473788,5.2350383,2.0609553,0.79271263,25,649
c12e,1692605395473821,5.2240343,2.0579748,0.78506929,22,659
c12e,1692605396474511,5.2284808,2.0577285,0.79230356,26,669
c12e,1692605397473936,5.2245784,2.0607572,0.78283924,22,679
c12e,1692605398473898,5.2344003,2.0681171,0.78510243,25,689
c12e,1692605399473811,5.2341471,2.0686295,0.78704447,25,699
c12e,1692605400474070,5.2290926,2.0707862,0.78575718,24,709
c12e,1692605401481244,5.2190013,2.0665555,0.78592241,24,719
c12e,1692605402473799,5.218411,2.0749645,0.77641195,21,729
c12e,1692605403473889,5.2269773,2.0764265,0.78362924,26,739
c12e,1692605404474956,5.2137203,2.0662055,0.78895688,25,749
c12e,1692605405473936,5.213675,2.0657897,0.7909469,25,759
c12e,1692605406473825,5.2210464,2.0581503,0.78651953,24,769
c12e,1692605407474576,5.2160382,2.0620685,0.78900355,24,779
c12e,1692605408473974,5.223218,2.0680375,0.78474194,23,789
c12e,1692605409473923,5.2128382,2.064415,0.80258954,28,799
c12e,1692605410474039,5.2117934,2.0639825,0.79651546,24,809
c12e,1692605411473912,5.2135549,2.0580924,0.79795218,25,819
c12e,1692605412473897,5.2086282,2.05909,0.79783046,25,829
c12e,1692605413474298,5.2107954,2.0582697,0.79627812,25,839
c12e,1692605414473924,5.218452,2.0607851,0.80288392,27,849
c12e,1692605415473967,5.2120829,2.0616274,0.79182923,22,859
c12e,1692605416476093,5.199368,2.0514145,0.79675615,25,869
c12e,1692605417475846,5.2028627,2.0531163,0.79868996,25,879
c12e,1692605418474526,5.1963596,2.0483549,0.80804539,27,889
c12e,1692605419473998,5.2028,2.040293,0.81008416,26,899
c12e,1692605420474050,5.1959872,2.0441279,0.81195521,26,909
c12e,1692605421474734,5.2129021,2.0472631,0.81136137,26,919
c12e,1692605422474166,5.2258806,2.0486257,0.81577188,28,929
c12e,1692605423474057,5.2219086,2.0422616,0.81070638,25,939
c12e,1692605424490912,5.2256951,2.0514996,0.80521184,24,949
c12e,1692605425474086,5.211647,2.051759,0.794846,22,959
c12e,1692605426473990,5.1981997,2.0514159,0.79963309,25,969
c12e,1692605427481268,5.2170553,2.0552692,0.79492414,25,979
c12e,1692605428474100,5.2401495,2.0524163,0.79836804,27,989
c12e,1692605429474216,5.2311525,2.0508533,0.80225134,26,999
c12e,1692605430475323,5.2492208,2.0556409,0.792751,24,1009
c12e,1692605431474808,5.2248197,2.0593143,0.78889084,23,1019
c12e,1692605432474022,5.2211366,2.0555027,0.78982073,25,1029
c12e,1692605433474420,5.2035432,2.0463223,0.79096752,24,1039
c12e,1692605434474092,5.2028956,2.047965,0.79302007,25,1049
c12e,1692605435474180,5.2085056,2.0487132,0.80106878,27,1059
c12e,1692605436474891,5.1959424,2.0457478,0.79715115,23,1069
c12e,1692605437474124,5.1928487,2.039125,0.78846329,22,1079
c12e,1692605438474068,5.1885719,2.0448289,0.79382706,25,1089
c12e,1692605439474172,5.2063575,2.0372689,0.80339825,28,1099
c12e,1692605440474099,5.2053065,2.0394049,0.80813307,26,1109
c12e,1692605441476502,5.205214,2.0385027,0.80149406,24,1119
c12e,1692605442479308,5.2167377,2.0485163,0.7995221,25,1129
c12e,1692605443474184,5.2287135,2.052439,0.79424417,24,1139
c12e,1692605444474955,5.2178273,2.060236,0.79296082,24,1149
c12e,1692605445474202,5.21118,2.0602958,0.80218279,27,1159
c12e,1692605446475479,5.2090745,2.0646529,0.78324968,20,1169
c12e,1692605447475741,5.19682,2.0598814,0.78476983,24,1179
c12e,1692605448474238,5.21335,2.0640447,0.78150034,24,1189
c12e,1692605449474216,5.2218523,2.0630474,0.78839165,26,1199
c12e,1692605450474154,5.2223525,2.0655077,0.77838957,22,1209
c12e,1692605451474233,5.2223496,2.0651293,0.78449023,25,1219
c12e,1692605452474262,5.2194204,2.0690839,0.78115845,23,1229
c12e,1692605453475818,5.2116532,2.0710013,0.78678483,25,1239
c12e,1692605454474979,5.2237906,2.0720339,0.77636027,22,1249
c12e,1692605455475012,5.23216,2.0715868,0.77731514,24,1259
c12e,1692605456475545,5.2215877,2.0645947,0.78630126,26,1269
c12e,1692605457474194,5.22622,2.0597587,0.79315579,26,1279
c12e,1692605458474257,5.2068477,2.0616727,0.803259,26,1289
c12e,1692605459475593,5.2029457,2.0613735,0.80990648,27,1299
c12e,1692605460474282,5.2120013,2.0554588,0.80390722,25,1309
c12e,1692605461474492,5.207366,2.0636063,0.80569571,25,1319
c12e,1692605462475012,5.2063451,2.0552609,0.79773414,23,1329
c12e,1692605463475059,5.1980104,2.0505755,0.81064826,28,1339
c12e,1692605464474311,5.2126803,2.0507524,0.80867136,26,1349
c12e,1692605465474992,5.2073007,2.0575907,0.81423855,27,1359
c12e,1692605466474764,5.2301154,2.0557625,0.81141192,26,1369
c12e,1692605467475000,5.2421665,2.062726,0.79510319,22,1379
c12e,1692605468475702,5.235662,2.0680628,0.78788763,23,1389
c12e,1692605469475218,5.240943,2.0646541,0.7906543,26,1399
c12e,1692605470474434,5.2340684,2.0638354,0.79316539,25,1409
c12e,1692605471474445,5.2243671,2.0587609,0.79785573,26,1419
c12e,1692605472474388,5.222796,2.5624552,0.61419451,89,1429
c12e,1692605473493618,5.2361565,2.4389038,0.662613,26,1439
c12e,1692605474474936,5.2412152,2.3448794,0.68515009,23,9
c12e,1692605475474377,5.2374163,2.26648,0.7149,26,19
c12e,1692605476474718,5.2134471,2.201545,0.73726308,24,29
c12e,1692605477481873,5.21844,2.1634736,0.75184536,25,39
c12e,1692605478474422,5.2268763,2.132077,0.75775039,24,49
c12e,1692605479474768,5.2140341,2.1085413,0.77246433,26,59
c12e,1692605480475054,5.2030973,2.0851667,0.77957606,25,69
c12e,1692605481474778,5.1927581,2.0803084,0.78516006,24,79
c12e,1692605482474366,5.2100625,2.0714636,0.79118586,26,89
c12e,1692605483474387,5.2032456,2.0667906,0.79627943,25,99
c12e,1692605484474448,5.2027206,2.0604489,0.79486364,24,109
c12e,1692605485475343,5.1902084,2.0668211,0.80054748,25,119
c12e,1692605486475654,5.2021489,2.0665302,0.80523491,27,129
c12e,1692605487474496,5.1977024,2.0688803,0.80905521,26,139
c12e,1692605488474475,5.211905,2.063607,0.81050533,27,149
c12e,1692605489474510,5.2136865,2.059382,0.80654448,25,159
c12e,1692605490474635,5.19978,2.0521753,0.8031621,24,169
c12e,1692605491474644,5.21597,2.0483761,0.79953796,25,179
c12e,1692605492475946,5.2317572,2.0529695,0.79460359,25,189
c12e,1692605493475495,5.2291532,2.0530655,0.805522,28,199
c12e,1692605494475398,5.211092,2.0536795,0.79691392,22,209
c12e,1692605495474508,5.2158151,2.0586317,0.80806428,28,219
c12e,1692605496474657,5.2172761,2.0560229,0.79676914,23,229
c12e,1692605497476467,5.2189236,2.0593791,0.80025011,26,239
c12e,1692605498474586,5.2257051,2.0597587,0.79858977,25,249
c12e,1692605499474580,5.2176909,2.0543253,0.79996407,25,259
c12e,1692605500474604,5.2003074,2.0528939,0.81421214,28,269
c12e,1692605501474665,5.1991668,2.0544939,0.80888391,24,279
c12e,1692605502474550,5.1865807,2.0512381,0.81166208,25,289
c12e,1692605503475440,5.1760488,2.0567317,0.80458987,23,299
c12e,1692605504474606,5.1804619,2.0484018,0.80328691,25,309
c12e,1692605505475330,5.1868081,2.0486958,0.78827935,21,319
c12e,1692605506475786,5.2008915,2.0558386,0.78317124,23,329
c12e,1692605507475489,5.2103028,2.0570281,0.78813565,26,339
c12e,1692605508474938,5.2266693,2.0664341,0.78178936,23,349
c12e,1692605509474668,5.2284603,2.0660439,0.79537427,28,359
c12e,1692605510474622,5.2431965,2.0681355,0.79611993,26,369
c12e,1692605511474662,5.2282314,2.0572438,0.79167503,23,379
c12e,1692605512474693,5.2566667,2.0725899,0.78904885,25,389
c12e,1692605513474694,5.2360592,2.0656872,0.79015917,24,399
c12e,1692605514474620,5.2134814,2.0694094,0.79541934,24,409
c12e,1692605515474663,5.2171245,2.0704126,0.79413676,24,419
c12e,1692605516475642,5.1994014,2.0576515,0.80960208,28,429
c12e,1692605517479702,5.2021918,2.0514519,0.81813687,28,439
c12e,1692605518475460,5.2075706,2.04918,0.81888378,27,449
c12e,1692605519474736,5.2004786,2.0486147,0.81720012,25,459
c12e,1692605520474826,5.1868424,2.0545437,0.81257534,24,469
c12e,1692605521474732,5.20919,2.0625873,0.82064152,29,479
c12e,1692605522474690,5.1980376,2.0582662,0.797927,20,489
c12e,1692605523475590,5.2079296,2.0569842,0.792279,24,499
c12e,1692605524474743,5.2090917,2.0578039,0.78560144,23,509
c12e,1692605525474757,5.1993051,2.0512943,0.7956391,26,519
c12e,1692605526474723,5.2002344,2.0570281,0.7937634,24,529
c12e,1692605527474788,5.2013121,2.0574605,0.79498821,25,539
c12e,1692605528475025,5.2016988,2.0556202,0.7948972,25,549
c12e,1692605529476167,5.2084303,2.0543387,0.78946787,24,559
c12e,1692605530474743,5.2017913,2.0544422,0.78522032,51,569
c12e,1692605531474998,5.196691,2.0631216,0.78849065,24,579
c12e,1692605532474724,5.2101884,2.0682309,0.79382032,26,589
c12e,1692605533475671,5.2187724,2.0650251,0.79180557,25,599
c12e,1692605534475622,5.21337,2.058955,0.79569,25,609
c12e,1692605535475547,5.2135768,2.0561972,0.789841,23,619
c12e,1692605536475669,5.2162194,2.0627835,0.7767309,21,629
c12e,1692605537475925,5.2352066,2.0630393,0.77591741,24,639
c12e,1692605538474805,5.2257433,2.0590367,0.78186637,25,649
c12e,1692605539475111,5.2146969,2.0592556,0.783535,24,659
c12e,1692605540474828,5.2101178,2.0527971,0.79743958,27,669
c12e,1692605541475248,5.2061,2.0664134,0.79521841,24,679
c12e,1692605542474894,5.1923165,2.0589612,0.7952261,24,689
c12e,1692605543474863,5.196,2.058511,0.78905249,23,699
c12e,1692605544474910,5.2000003,2.0638914,0.7883957,24,709
c12e,1692605545474911,5.2093253,2.0640707,0.78726417,24,719
c12e,1692605546474811,5.1944737,2.0642529,0.78284723,22,729
c12e,1692605547475954,5.1912274,2.0587113,0.78402442,24,739
c12e,1692605548475726,5.2008491,2.0593181,0.78728318,25,749
c12e,1692605549474909,5.2012715,2.0590839,0.7922197,25,759
c12e,1692605550475456,5.21493,2.0560451,0.78699535,24,769
c12e,1692605551474944,5.2262316,2.0547359,0.77808905,23,779
c12e,1692605552475004,5.2321777,2.0609198,0.77813536,24,789
c12e,1692605553474904,5.2362356,2.0633912,0.7771427,24,799
c12e,1692605554474954,5.2170706,2.0550036,0.78496772,25,809
c12e,1692605555475033,5.2207913,2.058219,0.78404576,24,819
c12e,1692605556474962,5.2338958,2.0603085,0.79807746,28,829
c12e,1692605557474960,5.2470112,2.0588303,0.79496419,25,839
c12e,1692605558475291,5.2432947,2.0574274,0.79034406,24,849
c12e,1692605559475307,5.2425003,2.0543833,0.79618794,26,859
c12e,1692605560474988,5.2407169,2.0524039,0.79491419,25,869
c12e,1692605561475012,5.2334895,2.0577188,0.79466736,24,879
c12e,1692605562475068,5.2291818,2.0649838,0.8013643,26,889
c12e,1692605563475700,5.2211967,2.0641427,0.8021546,25,899
c12e,1692605564481665,5.1957531,2.0613332,0.79795104,23,909
c12e,1692605565474984,5.1947784,2.061425,0.79992396,25,919
c12e,1692605566476085,5.1860452,2.0668435,0.80280834,25,929
c12e,1692605567476353,5.1961865,2.0679142,0.79678488,24,939
c12e,1692605568475060,5.1969991,2.0680223,0.79474384,24,949
c12e,1692605569475817,5.2162342,2.0640697,0.79006004,24,959
c12e,1692605570477572,5.2087469,2.0619204,0.79624861,26,969
c12e,1692605571475097,5.1858997,2.0558972,0.79445153,23,979
c12e,1692605572475362,5.1754217,2.0533752,0.79426718,24,989
c12e,1692605573475390,5.1590567,2.0520229,0.80366319,25,999
c12e,1692605574475144,5.1509624,2.0552018,0.79872966,23,1009
c12e,1692605575475059,5.1660528,2.0558629,0.80226427,26,1019
c12e,1692605576475847,5.183434,2.0618234,0.8098582,27,1029
c12e,1692605577475993,5.1813731,2.0692627,0.79760879,22,1039
c12e,1692605578475085,5.1741261,2.0601301,0.80184239,25,1049
c12e,1692605579475176,5.1530147,2.0635018,0.8033002,23,1059
c12e,1692605580475460,5.1637759,2.0566978,0.7964384,23,1069
c12e,1692605581475537,5.1850419,2.0581496,0.78781331,23,1079
c12e,1692605582475151,5.1805329,2.0555782,0.79072988,24,1089
c12e,1692605583475207,5.1883922,2.056447,0.790318,24,1099
c12e,1692605584475151,5.1901822,2.0555787,0.79285806,25,1109
c12e,1692605585475481,5.1964927,2.0518947,0.79343367,25,1119
c12e,1692605586475968,5.1989875,2.0484705,0.79335922,25,1129
c12e,1692605587475206,5.2173157,2.0488212,0.80087489,27,1139
c12e,1692605588475206,5.2032776,2.0483181,0.80688077,26,1149
c12e,1692605589476228,5.2121282,2.046962,0.80566537,26,1159
c12e,1692605590475524,5.230423,2.0469587,0.80847412,27,1169
c12e,1692605591475215,5.2297206,2.0556278,0.80703253,25,1179
c12e,1692605592475152,5.2376776,2.0557945,0.80974817,27,1189
c12e,1692605593475267,5.2266645,2.0602202,0.80884165,25,1199
c12e,1692605594477130,5.2339621,2.0621495,0.79879141,24,1209
c12e,1692605595475628,5.243813,2.0489802,0.80044085,27,1219
c12e,1692605596475365,5.2366285,2.055902,0.78507429,21,1229
c12e,1692605597476512,5.2276521,2.0580053,0.79075837,25,1239
c12e,1692605598475276,5.2075458,2.0532753,0.79515082,25,1249
c12e,1692605599475271,5.215786,2.055939,0.80904245,29,1259
c12e,1692605600475631,5.1890407,2.0573082,0.80701184,23,1269
c12e,1692605601475200,5.1799579,2.0571749,0.8072086,25,1279
c12e,1692605602475356,5.1879368,2.0568535,0.80362034,25,1289
c12e,1692605603475452,5.1997404,2.0579047,0.8016873,25,1299
c12e,1692605604476170,5.1922626,2.0586278,0.81011957,27,1309
c12e,1692605605476100,5.2153206,2.0530517,0.80579585,26,1319
c12e,1692605606476554,5.2032146,2.0546188,0.80637187,25,1329
c12e,1692605607475387,5.189744,2.0495105,0.80070931,23,1339
c12e,1692605608475271,5.1970711,2.0540407,0.79851168,25,1349
c12e,1692605609475346,5.2107053,2.0565257,0.79606938,25,1359
c12e,1692605610475284,5.2052836,2.0582416,0.79083782,23,1369
c12e,1692605611475638,5.2100892,2.0553515,0.80646056,29,1379
c12e,1692605612475349,5.2048049,2.0492096,0.7972095,23,1389
c12e,1692605613475286,5.2167449,2.052634,0.81397915,30,1399
c12e,1692605614476322,5.2024589,2.0542316,0.8149873,25,1409
c12e,1692605615475391,5.2107339,2.0538673,0.80712932,24,1419
c12e,1692605616475688,5.2473326,2.057852,0.80520546,27,1429
c12e,1692605617475415,5.229835,2.0602405,0.8083539,26,1439
c12e,1692605618475414,5.2373953,2.0578902,0.80875355,26,9
c12e,1692605619475452,5.2323985,2.0522003,0.82015896,29,19
c12e,1692605620475415,5.223074,2.0324521,0.83867025,31,29
c12e,1692605621475402,5.2262635,2.0346591,0.82276756,24,39
c12e,1692605622475926,5.2442036,2.0414026,0.819961,27,49
c12e,1692605623475386,5.2340579,2.0430899,0.82350332,27,59
c12e,1692605624476164,5.2328281,2.0428884,0.82260519,27,69
c12e,1692605625476218,5.2335486,2.0469146,0.82579827,28,79
c12e,1692605626476245,5.2469244,2.0582106,0.81923234,26,89
c12e,1692605627475461,5.2281914,2.0605295,0.819224,26,99
c12e,1692605628475726,5.19766,2.0664749,0.80633932,21,109
c12e,1692605629475413,5.1880746,2.0521014,0.80762994,25,119
c12e,1692605630475451,5.1823688,2.0525312,0.80579191,24,129
c12e,1692605631475534,5.1779895,2.0460567,0.80705684,25,139
c12e,1692605632476825,5.1917667,2.0497117,0.80634087,26,149
c12e,1692605633476320,5.2071738,2.051003,0.80270255,25,159
c12e,1692605634475515,5.2080946,2.0511355,0.79241973,23,169
c12e,1692605635475558,5.21776,2.0546281,0.8006584,27,179
c12e,1692605636475540,5.1983857,2.0530379,0.80219555,24,189
c12e,1692605637475556,5.2116671,2.0549827,0.79977179,25,199
c12e,1692605638475862,5.2129579,2.0564663,0.80178148,26,209
c12e,1692605639476384,5.2216969,2.0643685,0.8099708,28,219
c12e,1692605640475577,5.2317076,2.0639212,0.81004983,26,229
c12e,1692605641475723,5.24812,2.0578866,0.81712037,29,239
c12e,1692605642475704,5.2408662,2.0551054,0.82648671,29,249
c12e,1692605643476013,5.2394676,2.0521591,0.81858438,25,259
c12e,1692605644476421,5.2344961,2.0547109,0.82273293,27,269
c12e,1692605645476464,5.2274251,2.0578828,0.81773287,25,279
c12e,1692605646475604,5.2269425,2.0540483,0.801801,22,289
c12e,1692605647491407,5.225163,2.0525138,0.80892539,27,299
c12e,1692605648475660,5.2145085,2.0549691,0.79212409,21,309
c12e,1692605649475562,5.2211366,2.0491676,0.79039896,25,319
c12e,1692605650476066,5.2296972,2.0559266,0.78802723,24,329
c12e,1692605651475738,5.2320871,2.0574002,0.78586793,24,339
c12e,1692605652475796,5.2388034,2.0635705,0.78454751,24,349
c12e,1692605653475700,5.2218037,2.0590293,0.78503805,24,359
c12e,1692605654475985,5.2110109,2.0596669,0.77830333,22,369
c12e,1692605655475699,5.2077179,2.0486453,0.77635413,23,379
c12e,1692605656475627,5.2198186,2.0573537,0.784443,26,389
c12e,1692605657475720,5.2150011,2.0627303,0.79151064,25,399
c12e,1692605658475606,5.2123418,2.0513012,0.79474348,25,409
c12e,1692605659477068,5.2128015,2.0549223,0.78938836,23,419
c12e,1692605660476754,5.2149477,2.0493648,0.80234081,28,429
c12e,1692605661475686,5.2191987,2.05399,0.79707551,24,439
c12e,1692605662475762,5.2198057,2.0561807,0.80448717,27,449
c12e,1692605663475679,5.1989174,2.0524583,0.81127042,26,459
c12e,1692605664475726,5.2090964,2.0586903,0.81336594,27,469
c12e,1692605665475734,5.20349,2.0610459,0.80992186,25,479
c12e,1692605666475764,5.186347,2.054996,0.80737907,24,489
c12e,1692605667476794,5.1973352,2.0560441,0.79983795,24,499
c12e,1692605668475794,5.2313495,2.0595338,0.78790724,23,509
c12e,1692605669476002,5.2136073,2.0620949,0.78662723,23,519
c12e,1692605670475724,5.2122126,2.0724063,0.78915977,24,529
c12e,1692605671475928,5.2135186,2.0646002,0.78858411,24,539
c12e,1692605672475899,5.2117052,2.0608656,0.791862,25,549
c12e,1692605673478068,5.2237859,2.0643518,0.79475909,26,559
c12e,1692605674476839,5.2315459,2.0625784,0.7823298,22,569
c12e,1692605675475827,5.243547,2.0607576,0.77956891,24,579
c12e,1692605676475780,5.2373796,2.0512443,0.78501785,25,589
c12e,1692605677475734,5.2292681,2.0562952,0.784662,24,599
c12e,1692605678475850,5.23107,2.0572751,0.79133588,26,609
c12e,1692605679476637,5.2376642,2.0560696,0.78828108,52,619
c12e,1692605680475868,5.2421575,2.0589752,0.79813373,27,629
c12e,1692605681476167,5.2277331,2.0640066,0.80277622,25,639
c12e,1692605682476016,5.2247214,2.05388,0.81563437,29,649
c12e,1692605683475809,5.2069082,2.0525396,0.82558346,28,659
c12e,1692605684475924,5.2107177,2.0554385,0.80527937,22,669
c12e,1692605685475809,5.1987443,2.0510192,0.81095296,26,679
c12e,1692605686477193,5.1997466,2.045563,0.80758804,25,689
c12e,1692605687476648,5.191361,2.0519128,0.79516816,22,699
c12e,1692605688475830,5.2043834,2.0501108,0.78688008,23,709
c12e,1692605689476732,5.1942344,2.0549088,0.78759235,24,719
c12e,1692605690476682,5.1969566,2.059756,0.80052185,27,729
c12e,1692605691477040,5.1983838,2.0557678,0.80094767,25,739
c12e,1692605692477018,5.2060838,2.0583787,0.80403286,26,749
c12e,1692605693476805,5.2262139,2.0529482,0.79918486,25,759
c12e,1692605694475956,5.2298918,2.0520954,0.79593235,25,769
c12e,1692605695476750,5.2146816,2.0519166,0.79377317,24,779
c12e,1692605696476038,5.2198772,2.0513415,0.79215968,25,789
c12e,1692605697476138,5.2046404,2.0477798,0.80540735,27,799
c12e,1692605698475998,5.2046652,2.0521076,0.80183238,24,809
c12e,1692605699476070,5.2209282,2.0648127,0.79538375,24,819
c12e,1692605700477275,5.2302136,2.0612218,0.78640354,23,829
c12e,1692605701476015,5.2472734,2.0613618,0.77805156,23,839
c12e,1692605702476765,5.2423472,2.0665321,0.76961988,21,849
c12e,1692605703476379,5.2257843,2.060441,0.7744447,24,859
c12e,1692605704475959,5.2113748,2.0631702,0.76825529,21,869
c12e,1692605705476176,5.216763,2.0625033,0.79228169,29,879
c12e,1692605706477823,5.2074776,2.0544353,0.79106265,24,889
c12e,1692605707476016,5.2128191,2.0603065,0.78407049,23,899
c12e,1692605708476112,5.215456,2.0594597,0.77977473,23,909
c12e,1692605709476020,5.2180214,2.0604765,0.78731322,26,919
c12e,1692605710476153,5.2177958,2.0629592,0.78959912,25,929
c12e,1692605711476862,5.2276158,2.068542,0.77399749,21,939
c12e,1692605712476838,5.2297187,2.073843,0.77108628,23,949
c12e,1692605713476619,5.2255287,2.071995,0.78255677,26,959
c12e,1692605714476168,5.2374487,2.0781472,0.77007461,21,969
c12e,1692605715477012,5.2357635,2.0653737,0.78525126,27,979
c12e,1692605716476359,5.2430425,2.0554028,0.78399026,25,989
c12e,1692605717476163,5.2311249,2.0628762,0.78960443,25,999
c12e,1692605718476512,5.2383056,2.0710783,0.7924245,25,1009
c12e,1692605719476935,5.2254891,2.0690603,0.79017735,24,1019
c12e,1692605720476232,5.2123256,2.071373,0.78863627,23,1029
c12e,1692605721476177,5.2243724,2.0762091,0.78766358,24,1039
c12e,1692605722476044,5.2255034,2.0713506,0.79693413,27,1049
c12e,1692605723476193,5.2116852,2.0637999,0.80124187,25,1059
c12e,1692605724478036,5.2130036,2.0542288,0.80240446,26,1069
c12e,1692605725476324,5.205524,2.0606754,0.80211067,24,1079
c12e,1692605726479630,5.2208214,2.067714,0.79258668,23,1089
c12e,1692605727476218,5.2187123,2.0626941,0.80445236,28,1099
c12e,1692605728476208,5.2188492,2.0513797,0.79965723,24,1109
c12e,1692605729476118,5.2233524,2.0567491,0.79880011,25,1119
c12e,1692605730477125,5.2137094,2.0602839,0.80014724,25,1129
c12e,1692605731476298,5.2123742,2.0585072,0.79750383,24,1139
c12e,1692605732477362,5.207365,2.0588181,0.79459792,24,1149
c12e,1692605733476193,5.2032003,2.0576704,0.79047656,23,1159
c12e,1692605734476288,5.209877,2.0601206,0.79023927,25,1169
c12e,1692605735476290,5.2212696,2.0604453,0.80151981,28,1179
c12e,1692605736476624,5.2205663,2.0627162,0.80411887,26,1189
c12e,1692605737476224,5.2275028,2.0639431,0.79756129,24,1199
c12e,1692605738477646,5.2419915,2.06494,0.78704929,23,1209
c12e,1692605739476367,5.232326,2.0607264,0.78398174,23,1219
c12e,1692605740476351,5.221734,2.0616636,0.79059744,25,1229
c12e,1692605741476742,5.214026,2.0613937,0.78560263,23,1239
c12e,1692605742476435,5.2057481,2.0518627,0.79182404,25,1249
c12e,1692605743476243,5.1953692,2.0372584,0.80125535,27,1259
c12e,1692605744476333,5.1966834,2.0432332,0.8038457,26,1269
c12e,1692605745476346,5.2135282,2.0377676,0.80480546,26,1279
c12e,1692605746476331,5.2218595,2.0453885,0.8089931,27,1289
c12e,1692605747477084,5.2030611,2.0548534,0.79770404,21,1299
c12e,1692605748476405,5.2182879,2.0516768,0.79947251,26,1309
c12e,1692605749476383,5.2309461,2.0558002,0.78921747,23,1319
c12e,1692605750477464,5.2209344,2.0569963,0.78456765,23,1329
c12e,1692605751476492,5.2124372,2.0577052,0.78522581,24,1339
c12e,1692605752476362,5.2222538,2.0600665,0.78516805,25,1349
c12e,1692605753476710,5.2254062,2.0579507,0.79068989,26,1359
c12e,1692605754476505,5.239862,2.0626497,0.79578197,27,1369
c12e,1692605755476533,5.2499204,2.0716817,0.7825951,22,1379
c12e,1692605756476362,5.2368655,2.0531871,0.77938491,23,1389
c12e,1692605757477560,5.2260075,2.0566819,0.78796953,26,1399
c12e,1692605758477204,5.2091575,2.0577781,0.78567737,23,1409
c12e,1692605759476406,5.2164965,2.0667295,0.80049133,28,1419
c12e,1692605760476960,5.2307858,2.0735984,0.79307938,24,1429
c12e,1692605761477000,5.2282639,2.0690386,0.79448742,25,1439
c12e,1692605762476524,5.2494006,2.0626357,0.79987764,27,9
c12e,1692605763476417,5.2369094,2.0640633,0.79706341,24,19
c12e,1692605764483820,5.2536492,2.0558474,0.78928274,24,29
c12e,1692605765476465,5.2392416,2.0546298,0.78710485,24,39
c12e,1692605766479550,5.2462716,2.0514028,0.79333228,27,49
c12e,1692605767476448,5.2180104,2.0586319,0.80069095,25,59
c12e,1692605768477042,5.2308884,2.0681016,0.79637444,24,69
c12e,1692605769476516,5.2393942,2.0650361,0.80357307,27,79
c12e,1692605770476443,5.2362227,2.0673556,0.79642671,23,89
c12e,1692605771476652,5.2276225,2.0664194,0.78840208,23,99
c12e,1692605772476662,5.2114129,2.0647702,0.77695632,21,109
c12e,1692605773476486,5.2086444,2.0615082,0.78849262,26,119
c12e,1692605774477311,5.2217693,2.0615063,0.78512466,24,129
c12e,1692605775476960,5.2000079,2.0595036,0.7950179,25,139
c12e,1692605776476499,5.2032709,2.056824,0.80024678,26,149
c12e,1692605777477258,5.2122569,2.0633242,0.79438049,24,159
c12e,1692605778476586,5.210403,2.055656,0.79212582,24,169
c12e,1692605779480062,5.2175574,2.0608528,0.79015148,24,179
c12e,1692605780476537,5.2243476,2.0610747,0.78718024,24,189
c12e,1692605781476934,5.2130423,2.0611758,0.79463112,26,199
c12e,1692605782476757,5.2173257,2.0658281,0.80443203,27,209
c12e,1692605783476982,5.2051482,2.0663612,0.80635941,25,219
c12e,1692605784479346,5.198421,2.0656583,0.79922193,23,229
c12e,1692605785477363,5.2129459,2.0436988,0.82146829,32,239
c12e,1692605786476716,5.2291961,2.0535641,0.81723189,26,249
c12e,1692605787476532,5.2330136,2.0592639,0.80869949,24,259
c12e,1692605788476533,5.231142,2.0587556,0.81091207,26,269
c12e,1692605789476599,5.2316871,2.0555952,0.80802971,25,279
c12e,1692605790477252,5.2096663,2.0500004,0.80828089,25,289
c12e,1692605791476602,5.2185755,2.0577216,0.79521763,22,299
c12e,1692605792477122,5.2349372,2.0666406,0.80337191,27,309
c12e,1692605793476752,5.2380123,2.0702035,0.80412686,26,319
c12e,1692605794477126,5.2298403,2.0737112,0.79526865,23,329
c12e,1692605795477088,5.2242017,2.0809317,0.78688174,22,339
c12e,1692605796476669,5.2181,2.072036,0.78304839,23,349
c12e,1692605797480114,5.2058125,2.0697436,0.78625613,24,359
c12e,1692605798476939,5.2057238,2.0615234,0.77922165,22,369
c12e,1692605799476711,5.1972919,2.0549462,0.7877636,25,379
c12e,1692605800476869,5.2096791,2.0688906,0.78025752,22,389
c12e,1692605801476824,5.1880474,2.06717,0.78040457,22,399
c12e,1692605802477794,5.1701322,2.0485523,0.78508168,24,409
c12e,1692605803477625,5.1755629,2.0518394,0.79027194,25,419
c12e,1692605804476820,5.1973343,2.0556269,0.78841746,25,429
c12e,1692605805476726,5.19938,2.055419,0.78108406,22,439
c12e,1692605806476772,5.1973085,2.046319,0.79474813,27,449
c12e,1692605807477105,5.2141833,2.0546713,0.80072236,27,459
c12e,1692605808477215,5.2232895,2.0543389,0.791777,23,469
c12e,1692605809476758,5.2338223,2.0631995,0.78105587,22,479
c12e,1692605810476934,5.2274113,2.0591166,0.78507835,25,489
c12e,1692605811476902,5.2478943,2.0620694,0.78841233,26,499
c12e,1692605812476823,5.2479377,2.0558569,0.78928614,25,509
c12e,1692605813487068,5.220016,2.0522156,0.79986966,26,519
c12e,1692605814476874,5.4494977,2.0458658,0.81937224,46,529
c12e,1692605815476930,5.3891196,2.0445452,0.81571943,25,539
c12e,1692605816477016,5.3529077,2.0509105,0.80943561,25,549
c12e,1692605817476862,5.330502,2.0559733,0.81068951,27,559
c12e,1692605818476900,5.2787743,2.0457597,0.81551987,26,569
c12e,1692605819477203,5.2551475,2.0525117,0.81772482,26,579
c12e,1692605820478272,5.2307057,2.048064,0.82162607,26,589
c12e,1692605821477010,5.2169647,2.0515332,0.81869906,25,599
c12e,1692605822476930,5.1951923,2.0502496,0.81148183,23,609
c12e,1692605823476879,5.1933894,2.0492887,0.81307846,26,619
c12e,1692605824477265,5.1971521,2.0607576,0.8058883,24,629
c12e,1692605825476926,5.1935143,2.0616105,0.80947745,26,639
c12e,1692605826477193,5.213665,2.0631704,0.81114578,27,649
c12e,1692605827477129,5.2072444,2.0589793,0.81282645,26,659
c12e,1692605828477906,5.2164683,2.0549378,0.80983877,26,669
c12e,1692605829478340,5.2174535,2.0526843,0.80990994,26,679
c12e,1692605830477102,5.2005682,2.0622704,0.80319387,23,689
c12e,1692605831477148,5.2111497,2.0719137,0.80751866,26,699
c12e,1692605832476912,5.2248964,2.0706096,0.78863764,21,709
c12e,1692605833476934,5.2193866,2.0654821,0.79013419,25,719
c12e,1692605834476927,5.227283,2.0723875,0.79223579,25,729
c12e,1692605835477637,5.2244415,2.063987,0.78800762,24,739
c12e,1692605836476978,5.2162228,2.0610518,0.79533029,26,749
c12e,1692605837477480,5.2100348,2.0580657,0.80178237,26,759
c12e,1692605838476957,5.2093105,2.0631096,0.79331017,23,769
c12e,1692605839476965,5.201015,2.0659897,0.79366964,24,779
c12e,1692605840477920,5.1973991,2.0701671,0.79637516,25,789
c12e,1692605841477241,5.2042513,2.0621979,0.79257113,24,799
c12e,1692605842476956,5.2138119,2.0664318,0.79132634,24,809
c12e,1692605843477013,5.2127323,2.0657659,0.7969048,26,819
c12e,1692605844478674,5.2077308,2.0674465,0.79040366,23,829
c12e,1692605845477046,5.2130704,2.06635,0.79707688,26,839
c12e,1692605846477412,5.2117367,2.0731981,0.79981065,25,849
c12e,1692605847477361,5.22686,2.0710273,0.79216915,24,859
c12e,1692605848477142,5.2251964,2.0683844,0.79786527,26,869
c12e,1692605849477079,5.2114749,2.0704341,0.80245268,25,879
c12e,1692605850477116,5.2025661,2.0691016,0.80336684,25,889
c12e,1692605851478450,5.2124448,2.0624433,0.80482334,26,899
c12e,1692605852477252,5.2130332,2.0619664,0.80766612,26,909
c12e,1692605853477084,5.2108021,2.0648775,0.79201645,21,919
c12e,1692605854477541,5.2136078,2.0683844,0.78130019,22,929
c12e,1692605855477509,5.1895604,2.0594265,0.77922291,22,939
c12e,1692605856477102,5.1980362,2.0595951,0.77520883,23,949
c12e,1692605857477464,5.2120695,2.0647731,0.77190083,23,959
c12e,1692605858478048,5.2165046,2.0646551,0.77724767,25,969
c12e,1692605859477216,5.2172327,2.0633285,0.77783263,24,979
c12e,1692605860477136,5.2186065,2.0614288,0.7809763,25,989
c12e,1692605861477510,5.2136092,2.0599933,0.77204436,21,999
c12e,1692605862478818,5.2235312,2.0579264,0.77792341,25,1009
c12e,1692605863478083,5.2123585,2.0564559,0.79057181,26,1019
c12e,1692605864477185,5.2100072,2.0556562,0.79063869,24,1029
c12e,1692605865477396,5.2068987,2.0483701,0.80869049,29,1039
c12e,1692605866477199,5.2099991,2.055476,0.81655031,28,1049
c12e,1692605867477484,5.21102,2.0572581,0.80667734,24,1059
c12e,1692605868478264,5.2033973,2.0420136,0.81034738,26,1069
c12e,1692605869477260,5.2093067,2.0471785,0.81413525,27,1079
c12e,1692605870477265,5.2096682,2.0451503,0.81959051,27,1089
c12e,1692605871477288,5.2208314,2.0442472,0.8203218,27,1099
c12e,1692605872477202,5.224123,2.0502498,0.8085084,24,1109
c12e,1692605873477172,5.2337303,2.0536425,0.80303013,25,1119
c12e,1692605874477187,5.2460451,2.0479312,0.79851776,25,1129
c12e,1692605875477310,5.2337761,2.0445695,0.80264235,26,1139
c12e,1692605876477508,5.2150912,2.0398529,0.81109434,27,1149
c12e,1692605877478207,5.2236729,2.0510137,0.80691141,25,1159
c12e,1692605878478205,5.2221141,2.0485561,0.80189782,24,1169
c12e,1692605879477678,5.2284636,2.0419202,0.81926984,30,1179
c12e,1692605880477310,5.210382,2.0389998,0.81481254,24,1189
c12e,1692605881477451,5.217566,2.0491576,0.80623436,24,1199
c12e,1692605882477330,5.2099638,2.0578809,0.79987574,23,1209
c12e,1692605883477344,5.2103209,2.0534513,0.80287677,26,1219
c12e,1692605884477333,5.2102866,2.0518935,0.79936391,24,1229
c12e,1692605885491188,5.2151437,2.0542047,0.79878783,25,1239
c12e,1692605886477404,5.2338433,2.0557175,0.79542458,25,1249
c12e,1692605887477405,5.2361751,2.055845,0.78918672,24,1259
c12e,1692605888477450,5.2388988,2.0598052,0.78163177,23,1269
c12e,1692605889477450,5.2296953,2.060719,0.7920621,26,1279
c12e,1692605890478288,5.21373,2.0637619,0.7884537,23,1289
c12e,1692605891479206,5.2138777,2.0538709,0.80093879,28,1299
c12e,1692605892478970,5.2008324,2.0437272,0.79456949,23,1309
c12e,1692605893477443,5.1882706,2.0453224,0.80192435,26,1319
c12e,1692605894477510,5.2089419,2.0526545,0.80178052,26,1329
c12e,1692605895477412,5.2158256,2.0545447,0.80417472,26,1339
c12e,1692605896477395,5.20401,2.0534647,0.80591017,25,1349
c12e,1692605897478907,5.2224412,2.0562072,0.796495,24,1359
c12e,1692605898477444,5.2101297,2.0509644,0.78395933,21,1369
c12e,1692605899477464,5.2045765,2.0638857,0.7923215,25,1379
c12e,1692605900477474,5.2059021,2.0670226,0.79386193,25,1389
c12e,1692605901477569,5.2002125,2.0621727,0.79422879,24,1399
c12e,1692605902477453,5.2163129,2.0687282,0.78870404,24,1409
c12e,1692605903477856,5.2279205,2.063062,0.78791934,25,1419
c12e,1692605904481090,5.2256517,2.0678511,0.79014093,25,1429
c12e,1692605905477474,5.2442451,2.0685091,0.78188169,23,1439
c12e,1692605906477491,5.2473741,2.0710011,0.78454107,25,9
c12e,1692605907477499,5.2389364,2.0605092,0.787147,25,19
c12e,1692605908479068,5.2465525,2.058244,0.80339271,29,29
c12e,1692605909480222,5.2388563,2.0667632,0.7971825,23,39
c12e,1692605910477678,5.2289042,2.0639925,0.79882342,25,49
c12e,1692605911477573,5.214797,2.0607297,0.79768604,24,59
c12e,1692605912477537,5.2184777,2.0592546,0.799423,26,69
c12e,1692605913477546,5.2246685,2.0645576,0.79060483,23,79
c12e,1692605914479000,5.2236767,2.0526111,0.793123,25,89
c12e,1692605915477900,5.2236233,2.0544837,0.78563392,23,99
c12e,1692605916478570,5.2163587,2.0538065,0.78056061,23,109
c12e,1692605917477563,5.2092738,2.0530069,0.76843178,20,119
c12e,1692605918477632,5.2047291,2.0564966,0.767115,22,129
c12e,1692605919477635,5.1981945,2.0651383,0.76727545,22,139
c12e,1692605920478000,5.2031903,2.0565281,0.76419866,22,149
c12e,1692605921477721,5.197155,2.0489161,0.77692103,26,159
c12e,1692605922477752,5.20287,2.05023,0.78834182,27,169
c12e,1692605923477622,5.1944132,2.0439515,0.78478748,23,179
c12e,1692605924477704,5.2014675,2.0513394,0.78646082,24,189
c12e,1692605925479568,5.1964307,2.0487854,0.80781829,29,199
c12e,1692605926477714,5.1887374,2.0613432,0.80366123,23,209
c12e,1692605927477685,5.1961303,2.063448,0.79105717,22,219
c12e,1692605928477915,5.2069507,2.0698936,0.78563696,23,229
c12e,1692605929477828,5.2154679,2.0655937,0.78483135,24,239
c12e,1692605930478267,5.1970415,2.0610659,0.79420459,25,249
c12e,1692605931478440,5.2058797,2.0562248,0.78765643,23,259
c12e,1692605932477786,5.2032704,2.0501904,0.79157859,25,269
c12e,1692605933478869,5.194448,2.050977,0.78084648,21,279
c12e,1692605934477776,5.2090054,2.0584357,0.78695512,26,289
c12e,1692605935479546,5.2229848,2.05622,0.78362542,24,299
c12e,1692605936477814,5.2165527,2.0531359,0.78859979,25,309
c12e,1692605937478056,5.2128344,2.0474114,0.80187988,28,319
c12e,1692605938477762,5.2127485,2.0595737,0.79337353,23,329
c12e,1692605939477747,5.2142711,2.0547857,0.79559571,25,339
c12e,1692605940477810,5.2039886,2.055706,0.78748947,22,349
c12e,1692605941477998,5.2082858,2.0498817,0.78603017,24,359
c12e,1692605942478530,5.21023,2.0530622,0.81175154,31,369
c12e,1692605943478226,5.2056675,2.0637913,0.79134494,20,379
c12e,1692605944479220,5.2090893,2.0574362,0.78909886,24,389
c12e,1692605945479091,5.2017469,2.0550911,0.7889055,24,399
c12e,1692605946477841,5.2011447,2.057611,0.78977567,24,409
c12e,1692605947477763,5.2032919,2.0614355,0.80792814,29,419
c12e,1692605948478730,5.2191753,2.0585649,0.81206447,27,429
c12e,1692605949477767,5.2260518,2.0586605,0.80250108,24,439
c12e,1692605950478724,5.2221975,2.0642323,0.79466665,23,449
c12e,1692605951477888,5.2281127,2.0618215,0.79629064,26,459
c12e,1692605952477915,5.2177238,2.0581636,0.79780889,25,469
c12e,1692605953477950,5.2198219,2.0522249,0.79844,25,479
c12e,1692605954478128,5.2084737,2.0519934,0.79530746,24,489
c12e,1692605955477890,5.1995883,2.0593727,0.79154831,23,499
c12e,1692605956478124,5.2132092,2.0638061,0.78507805,23,509
c12e,1692605957477900,5.2189927,2.0561509,0.79427314,27,519
c12e,1692605958477964,5.2096581,2.0578849,0.791898,24,529
c12e,1692605959481588,5.190022,2.0618062,0.80369037,26,539
c12e,1692605960478552,5.2052584,2.0681632,0.78967214,22,549
c12e,1692605961479059,5.2104759,2.0649421,0.79163039,25,559
c12e,1692605962477878,5.2159643,2.0583925,0.80146962,27,569
c12e,1692605963477902,5.2162013,2.0545983,0.80280334,26,579
c12e,1692605964478424,5.2153444,2.0507998,0.80897081,27,589
c12e,1692605965478275,5.2235279,2.0421917,0.80543506,25,599
c12e,1692605966478844,5.2225242,2.0472751,0.79803747,24,609
c12e,1692605967478090,5.2183876,2.045517,0.80181646,26,619
c12e,1692605968478028,5.2107143,2.0433941,0.80872411,27,629
c12e,1692605969478000,5.1921678,2.0394802,0.80724168,24,639
c12e,1692605970479462,5.1968641,2.031359,0.81302106,27,649
c12e,1692605971478379,5.2103305,2.0384178,0.81383508,27,659
c12e,1692605972477974,5.2094836,2.0467751,0.80420935,23,669
c12e,1692605973478108,5.2137856,2.0484064,0.79757029,24,679
c12e,1692605974478046,5.2185965,2.0566933,0.79855943,25,689
c12e,1692605975478010,5.2250547,2.0504296,0.81196409,29,699
c12e,1692605976478364,5.236156,2.0483389,0.809905,26,709
c12e,1692605977478937,5.2255573,2.0587342,0.78975356,20,719
c12e,1692605978478108,5.2334805,2.0676618,0.78579855,24,729
c12e,1692605979478105,5.2216754,2.0690396,0.79331791,26,739
c12e,1692605980478061,5.2380519,2.065676,0.78554523,24,749
c12e,1692605981478384,5.2340522,2.062892,0.79270869,26,759
c12e,1692605982478271,5.2223105,2.0555737,0.78802156,23,769
c12e,1692605983478519,5.2279854,2.0595016,0.7827915,23,779
c12e,1692605984478067,5.2352576,2.0606015,0.7840082,25,789
c12e,1692605985479307,5.2483974,2.0604198,0.786383,26,799
c12e,1692605986478470,5.2432876,2.0628767,0.78829855,25,809
c12e,1692605987478039,5.2396216,2.0597808,0.78451884,24,819
c12e,1692605988478945,5.2247591,2.0644963,0.78197652,23,829
c12e,1692605989478674,5.2302027,2.0675659,0.78020912,24,839
c12e,1692605990479230,5.2203612,2.069495,0.77901471,23,849
c12e,1692605991478885,5.2291751,2.0614896,0.779906,25,859
c12e,1692605992478128,5.2382693,2.0588069,0.78715074,26,869
c12e,1692605993478248,5.2335563,2.0589426,0.7852599,24,879
c12e,1692605994479044,5.250391,2.0584414,0.78575027,25,889
c12e,1692605995478136,5.2446461,2.0582461,0.77695662,22,899
c12e,1692605996478174,5.2450695,2.0612862,0.77830654,24,909
c12e,1692605997478492,5.2661281,2.0635157,0.78452903,27,919
c12e,1692605998478212,5.245358,2.0587544,0.78818017,25,929
c12e,1692605999478156,5.2385869,2.052531,0.77894521,22,939
c12e,1692606000478196,5.2257257,2.0535452,0.79691577,28,949
c12e,1692606001479222,5.2107477,2.054703,0.79089344,23,959
c12e,1692606002478565,5.2198772,2.06055,0.78107142,22,969
c12e,1692606003479054,5.2284932,2.0557575,0.7766946,23,979
c12e,1692606004478262,5.2272258,2.0500729,0.79069787,27,989
c12e,1692606005478230,5.2371507,2.0552957,0.78373641,23,999
c12e,1692606006478230,5.228765,2.0648329,0.77925551,22,1009
c12e,1692606007478999,5.2355103,2.0769551,0.77445239,23,1019
c12e,1692606008479152,5.2430091,2.0748777,0.76868832,23,1029
c12e,1692606009478320,5.2428803,2.0759418,0.77341419,24,1039
c12e,1692606010478254,5.2315707,2.0710816,0.77714759,24,1049
c12e,1692606011478265,5.2323084,2.0646143,0.77189118,23,1059
c12e,1692606012478308,5.2152481,2.0645041,0.7723273,23,1069
c12e,1692606013478646,5.2199845,2.0670381,0.77065617,23,1079
c12e,1692606014479166,5.2198834,2.0658703,0.78678674,27,1089
c12e,1692606015479419,5.2163706,2.0683053,0.79389554,26,1099
c12e,1692606016478292,5.206182,2.0578468,0.79742736,25,1109
c12e,1692606017478335,5.2080126,2.0542955,0.79799354,25,1119
c12e,1692606018478667,5.2075758,2.0531371,0.79891908,25,1129
c12e,1692606019478506,5.2154961,2.0553081,0.79403687,24,1139
c12e,1692606020479182,5.2069712,2.0593233,0.79481691,24,1149
c12e,1692606021478305,5.2189555,2.0649028,0.78081906,21,1159
c12e,1692606022478318,5.2051148,2.0644138,0.78493714,24,1169
c12e,1692606023478928,5.2237883,2.0600674,0.79317737,27,1179
c12e,1692606024478453,5.2143097,2.0601897,0.80268538,27,1189
c12e,1692606025478433,5.2151337,2.0667286,0.79645056,23,1199
c12e,1692606026478338,5.2096672,2.0564284,0.80220431,26,1209
c12e,1692606027479198,5.2138548,2.0585136,0.79820305,24,1219
c12e,1692606028479714,5.2135768,2.0485594,0.80626863,27,1229
c12e,1692606029478354,5.2243552,2.04924,0.8053866,26,1239
c12e,1692606030478390,5.2376881,2.0590978,0.79454362,23,1249
c12e,1692606031478375,5.2206106,2.0476148,0.80821443,28,1259
c12e,1692606032481016,5.2171583,2.0460839,0.818444,28,1269
c12e,1692606033480070,5.2230039,2.0438046,0.81416297,26,1279
c12e,1692606034478611,5.2210007,2.0495646,0.81276733,26,1289
c12e,1692606035478559,5.2303162,2.0513752,0.79759032,23,1299
c12e,1692606036478813,5.2325897,2.0608389,0.79053688,23,1309
c12e,1692606037478426,5.2234993,2.0575981,0.80389988,28,1319
c12e,1692606038478492,5.2198272,2.0484955,0.81382257,28,1329
c12e,1692606039478776,5.2247577,2.054213,0.80242079,23,1339
c12e,1692606040478470,5.2068424,2.0580256,0.799965,24,1349
c12e,1692606041478498,5.2117362,2.0597117,0.79652357,24,1359
c12e,1692606042478580,5.216496,2.0634835,0.80175042,26,1369
c12e,1692606043479199,5.2134366,2.0599387,0.80383164,26,1379
c12e,1692606044479855,5.2326488,2.0670533,0.80550891,26,1389
c12e,1692606045478459,5.2375746,2.0665958,0.79545224,23,1399
c12e,1692606046479428,5.2445207,2.0602515,0.78695554,23,1409
c12e,1692606047478516,5.2468352,2.0620747,0.78441662,24,1419
c12e,1692606048478538,5.2413769,2.0577059,0.78172165,24,1429
c12e,1692606049478492,5.22444,2.061903,0.772453,21,1439
c12e,1692606050478839,5.222496,2.0579844,0.76547211,22,9
c12e,1692606051478559,5.2238855,2.0618439,0.7716763,24,19
c12e,1692606052478590,5.225307,2.066102,0.77829808,25,29
c12e,1692606053478540,5.2108288,2.0647089,0.77980363,23,39
c12e,1692606054479454,5.2071061,2.0649416,0.78119338,24,49
c12e,1692606055478851,5.1971793,2.0572724,0.77866906,23,59
c12e,1692606056478815,5.2084355,2.0603561,0.78371388,25,69
c12e,1692606057478546,5.2117333,2.0609555,0.79446596,27,79
c12e,1692606058478596,5.2212262,2.0571847,0.7948401,25,89
c12e,1692606059478952,5.2120409,2.0538132,0.79978341,26,99
c12e,1692606060478908,5.2034941,2.0530751,0.79806125,24,109
c12e,1692606061478590,5.1980891,2.0534945,0.79166532,23,119
c12e,1692606062478586,5.1956825,2.0556614,0.79344624,25,129
c12e,1692606063478591,5.1949191,2.0590699,0.78874213,23,139
c12e,1692606064478597,5.2055387,2.0612485,0.78658873,24,149
c12e,1692606065478917,5.2340484,2.0648797,0.79315531,27,159
c12e,1692606066478735,5.2236209,2.0635974,0.79133654,24,169
c12e,1692606067479516,5.231492,2.0697219,0.77639222,21,179
c12e,1692606068478662,5.224885,2.0649097,0.79379296,28,189
c12e,1692606069479190,5.2219305,2.0677476,0.7821151,21,199
c12e,1692606070480594,5.2131224,2.0597382,0.78503811,24,209
c12e,1692606071479498,5.2091389,2.0646429,0.79018444,25,219
c12e,1692606072479049,5.2098708,2.0640378,0.78896832,24,229
c12e,1692606073479568,5.2147512,2.0721824,0.79156667,25,239
c12e,1692606074479515,5.2183747,2.0603006,0.79842478,27,249
c12e,1692606075478694,5.216856,2.0511975,0.81055051,28,259
c12e,1692606076479028,5.1986437,2.056381,0.80970174,24,269
c12e,1692606077478765,5.1950326,2.0508652,0.81382221,26,279
c12e,1692606078478693,5.209908,2.0500772,0.799398,23,289
c12e,1692606079489990,5.2188,2.0540504,0.80199808,26,299
c12e,1692606080478760,5.21838,2.0581398,0.80061275,25,309
c12e,1692606081480128,5.214159,2.0599432,0.81138015,28,319
c12e,1692606082480079,5.2071867,2.0544004,0.81199723,26,329
c12e,1692606083478809,5.2108316,2.0520856,0.81542397,27,339
c12e,1692606084478966,5.2092247,2.0598848,0.79509062,20,349
c12e,1692606085478736,5.2173219,2.0635734,0.80009061,26,359
c12e,1692606086480180,5.2173266,2.0571892,0.79772878,25,369
c12e,1692606087478750,5.221519,2.0607536,0.79063416,23,379
c12e,1692606088478900,5.2426987,2.0582054,0.79143387,26,389
c12e,1692606089478812,5.2342625,2.0572414,0.78508651,23,399
c12e,1692606090480181,5.2371144,2.0610039,0.78937358,26,409
c12e,1692606091478869,5.2373047,2.0613813,0.79780918,27,419
c12e,1692606092479704,5.2245193,2.0635383,0.80328012,26,429
c12e,1692606093478776,5.2214375,2.0595467,0.79759538,24,439
c12e,1692606094478921,5.2362075,2.0590384,0.8087694,29,449
c12e,1692606095479112,5.2331176,2.0505507,0.82681584,31,459
c12e,1692606096479121,5.2319,2.0578609,0.81581396,24,469
c12e,1692606097478855,5.2351289,2.0596247,0.80549407,24,479
c12e,1692606098479116,5.228404,2.0616665,0.80271888,25,489
c12e,1692606099480420,5.2289724,2.0641603,0.80734855,27,499
c12e,1692606100478858,5.2261553,2.070508,0.79902035,23,509
c12e,1692606101478902,5.2026649,2.0706437,0.7929849,22,519
c12e,1692606102479234,5.2079167,2.0687678,0.79931509,26,529
c12e,1692606103480088,5.1971307,2.0610995,0.80434817,26,539
c12e,1692606104478740,100,100,100,0,549
c12e,1692606105478928,5.2250419,2.0742736,0.81951648,30,559
c12e,1692606106479620,5.2343116,2.0708272,0.827147,29,569
c12e,1692606107478884,5.2299142,2.0623593,0.82397532,26,579
c12e,1692606108481050,5.2192245,2.0677822,0.81318146,23,589
c12e,1692606109479944,5.2288523,2.0678592,0.81471854,27,599
c12e,1692606110479013,5.2060604,2.0574012,0.82167369,27,609
c12e,1692606111479168,5.2167068,2.0570877,0.80859756,24,619
c12e,1692606112478934,5.20606,2.0569289,0.80696732,25,629
c12e,1692606113493102,5.2099648,2.0480289,0.81335926,28,639
c12e,1692606114478971,5.2140055,2.0498414,0.80939573,25,649
c12e,1692606115478974,5.2094707,2.0448785,0.80290049,24,659
c12e,1692606116479129,5.2033205,2.0477316,0.80201006,25,669
c12e,1692606117479057,5.2146516,2.0498357,0.79384983,24,679
c12e,1692606118479839,5.2209744,2.0531015,0.7990728,26,689
c12e,1692606119479313,5.2154474,2.0477474,0.8019132,26,699
c12e,1692606120478998,5.2090511,2.05114,0.80499959,26,709
c12e,1692606121479010,5.2240052,2.0675786,0.790326,22,719
c12e,1692606122479036,5.216722,2.0540373,0.79937,27,729
c12e,1692606123479995,5.2241907,2.0433745,0.81121,29,739
c12e,1692606124480517,5.2117939,2.0432634,0.80181581,23,749
c12e,1692606125479092,5.2234621,2.0489984,0.80118674,26,759
c12e,1692606126479048,5.2411952,2.0574789,0.80129164,26,769
c12e,1692606127479066,5.2283139,2.0568647,0.8064487,26,779
c12e,1692606128480014,5.2110758,2.0594621,0.81248504,26,789
c12e,1692606129479055,5.19686,2.0520771,0.81184006,25,799
c12e,1692606130479492,5.1928139,2.0654223,0.81473881,26,809
c12e,1692606131479109,5.2017632,2.0609152,0.82012969,28,819
c12e,1692606132479096,5.2043476,2.0552633,0.82803267,29,829
c12e,1692606133479115,5.2045174,2.0592358,0.83181667,28,839
c12e,1692606134479371,5.203434,2.0589428,0.81301749,22,849
c12e,1692606135479114,5.2196422,2.0513449,0.82054234,29,859
c12e,1692606136479454,5.213809,2.0625837,0.80830747,23,869
c12e,1692606137479255,5.2145162,2.0605929,0.81008893,26,879
c12e,1692606138479102,5.2204037,2.0626471,0.81143916,26,889
c12e,1692606139479322,5.2050853,2.0541885,0.81671578,26,899
c12e,1692606140479285,5.2131267,2.06204,0.80785424,24,909
c12e,1692606141479614,5.2081,2.0670564,0.79583412,22,919
c12e,1692606142479165,5.1923785,2.0591969,0.80205065,25,929
c12e,1692606143480455,5.1965218,2.0624597,0.79331452,23,939
c12e,1692606144479819,5.2101345,2.0701206,0.794621,25,949
c12e,1692606145480364,5.211853,2.0641792,0.79671395,25,959
c12e,1692606146479568,5.2185359,2.0580747,0.79899234,26,969
c12e,1692606147479160,5.2106137,2.0577214,0.79698807,24,979
c12e,1692606148479170,5.2124786,2.0636125,0.78818011,22,989
c12e,1692606149479164,5.2016859,2.0592544,0.78394645,23,999
c12e,1692606150479736,5.220818,2.0473292,0.79406697,28,1009
c12e,1692606151479223,5.2048879,2.0418453,0.80681658,27,1019
c12e,1692606152480217,5.1991038,2.0479512,0.80036622,23,1029
c12e,1692606153479252,5.2044034,2.0518651,0.80306083,26,1039
c12e,1692606154480150,5.2000871,2.0554459,0.79721618,23,1049
c12e,1692606155480302,5.1990323,2.0490818,0.79376584,24,1059
c12e,1692606156479213,5.2020512,2.0445111,0.80118018,27,1069
c12e,1692606157479208,5.1942539,2.0418487,0.79539043,23,1079
c12e,1692606158479733,5.2012177,2.0510213,0.79846388,25,1089
c12e,1692606159479433,5.2050176,2.0555484,0.80392575,26,1099
c12e,1692606160479266,5.2031217,2.0586495,0.8021819,25,1109
c12e,1692606161480314,5.2080722,2.0647535,0.79670268,24,1119
c12e,1692606162479978,5.2116151,2.0654004,0.78270048,21,1129
c12e,1692606163479247,5.2271686,2.0636585,0.79392284,28,1139
c12e,1692606164479620,5.2240992,2.0584614,0.79923981,26,1149
c12e,1692606165479329,5.2326169,2.0519884,0.78905588,23,1159
c12e,1692606166481100,5.2179022,2.0463119,0.79494846,25,1169
c12e,1692606167479328,5.2040558,2.0538783,0.78796041,22,1179
c12e,1692606168480242,5.2006741,2.0450356,0.78504378,23,1189
c12e,1692606169479778,5.2064323,2.0443678,0.794064,27,1199
c12e,1692606170479366,5.2176032,2.0513287,0.7958281,26,1209
c12e,1692606171479414,5.2126069,2.04817,0.79371458,24,1219
c12e,1692606172479848,5.2093029,2.0576663,0.79272473,24,1229
c12e,1692606173479418,5.2224603,2.0604718,0.79522395,26,1239
c12e,1692606174479684,5.2186651,2.0596278,0.80385274,27,1249
c12e,1692606175481496,5.21251,2.0715365,0.80002826,24,1259
c12e,1692606176479422,5.2004814,2.0724897,0.81047273,27,1269
c12e,1692606177479350,5.2093925,2.0776083,0.79752403,22,1279
c12e,1692606178479402,5.2208395,2.0696545,0.7968592,25,1289
c12e,1692606179479665,5.2309809,2.0588048,0.80572319,28,1299
c12e,1692606180479425,5.2202268,2.0601256,0.80901289,26,1309
c12e,1692606181479429,5.2277474,2.0674813,0.7842015,20,1319
c12e,1692606182479439,5.2213736,2.0628476,0.79277462,26,1329
c12e,1692606183479701,5.2235203,2.0700455,0.79038328,24,1339
c12e,1692606184479720,5.2159371,2.0664759,0.77941644,21,1349
c12e,1692606185480496,5.2101908,2.062717,0.79279196,27,1359
c12e,1692606186482037,5.2167864,2.0628793,0.79648376,26,1369
c12e,1692606187479580,5.21972,2.0641825,0.80573469,27,1379
c12e,1692606188479498,5.209415,2.05904,0.79357833,22,1389
c12e,1692606189479828,5.20827,2.0613465,0.79202014,24,1399
c12e,1692606190479682,5.2136683,2.0681198,0.79074812,24,1409
c12e,1692606191479513,5.2198615,2.0654509,0.79476625,26,1419
c12e,1692606192479616,5.22422,2.0547798,0.79344553,25,1429
c12e,1692606193479570,5.2251821,2.0542076,0.793331,25,1439
c12e,1692606194480912,5.2140918,2.0456944,0.79858524,26,9
c12e,1692606195480405,5.2008119,2.0444078,0.80710113,26,19
c12e,1692606196480017,5.2126021,2.0418274,0.8042509,25,29
c12e,1692606197479456,5.2049627,2.050333,0.79563928,22,39
c12e,1692606198480667,5.2050772,2.0596111,0.78797817,22,49
c12e,1692606199480871,5.2032614,2.0485044,0.80451018,29,59
c12e,1692606200479698,5.1906381,2.0477037,0.80317968,24,69
c12e,1692606201479549,5.2042065,2.0528023,0.795088,24,79
c12e,1692606202479552,5.1985755,2.0517037,0.791315,23,89
c12e,1692606203479570,5.2049704,2.058517,0.79332495,25,99
c12e,1692606204479577,5.2059336,2.0522115,0.78720176,23,109
c12e,1692606205481005,5.2078023,2.0492845,0.79127663,25,119
c12e,1692606206479577,5.1849437,2.0534959,0.78432286,21,129
c12e,1692606207480422,5.1759458,2.0484059,0.79012597,25,139
c12e,1692606208479630,5.1753988,2.0436251,0.79575104,25,149
c12e,1692606209480137,5.2018905,2.0442622,0.79040182,24,159
c12e,1692606210479619,5.1999173,2.03773,0.78862274,24,169
c12e,1692606211480258,5.222508,2.0428457,0.79761142,28,179
c12e,1692606212479638,5.2324123,2.0509396,0.79700828,25,189
c12e,1692606213480628,5.2358479,2.0602546,0.7936343,24,199
c12e,1692606214480961,5.2409081,2.0592844,0.79997158,27,209
c12e,1692606215479818,5.2341628,2.0637774,0.79545254,24,219
c12e,1692606216481046,5.2114091,2.0679641,0.786769,21,229
c12e,1692606217479670,5.2091913,2.0655684,0.79183406,25,239
c12e,1692606218479692,5.2116084,2.064501,0.79374176,25,249
c12e,1692606219479743,5.2088733,2.0548153,0.79773313,26,259
c12e,1692606220480301,5.2102242,2.0583549,0.79069918,23,269
c12e,1692606221479721,5.2089581,2.0519996,0.80428565,28,279
c12e,1692606222481353,5.2121272,2.0555232,0.79419327,23,289
c12e,1692606223480670,5.2029996,2.0482602,0.79765064,25,299
c12e,1692606224479736,5.2131734,2.0489652,0.80155891,26,309
c12e,1692606225479732,5.1923084,2.0496204,0.80268037,24,319
c12e,1692606226479755,5.2044296,2.0555475,0.81179357,28,329
c12e,1692606227479791,5.18877,2.0506675,0.81226677,25,339
c12e,1692606228480755,5.2104707,2.0600593,0.80172616,24,349
c12e,1692606229480193,5.2075191,2.0558224,0.80605543,26,359
c12e,1692606230483088,5.208056,2.0541728,0.8067413,26,369
c12e,1692606231479788,5.204597,2.0525093,0.8181985,28,379
c12e,1692606232479791,5.1940269,2.048552,0.8267265,28,389
c12e,1692606233480510,5.2153578,2.0661645,0.819756,25,399
c12e,1692606234479809,5.2092495,2.0610876,0.80628645,23,409
c12e,1692606235479800,5.2230191,2.061816,0.8141492,28,419
c12e,1692606236479835,5.2174988,2.0692613,0.810017,24,429
c12e,1692606237479807,5.2047505,2.0563409,0.81100339,25,439
c12e,1692606238479990,5.2156167,2.0583677,0.80365837,24,449
c12e,1692606239481312,5.2056479,2.0592611,0.80522335,25,459
c12e,1692606240480097,5.2084708,2.0717289,0.80269849,24,469
c12e,1692606241479912,5.1965885,2.0665498,0.78670412,20,479
c12e,1692606242480003,5.2133822,2.0785043,0.78646624,24,489
c12e,1692606243480781,5.2072763,2.0767267,0.80164689,28,499
c12e,1692606244480064,5.1908569,2.0649867,0.80659139,25,509
c12e,1692606245481764,5.1855512,2.0663619,0.79613918,22,519
c12e,1692606246479963,5.2012658,2.0674727,0.79064554,24,529
c12e,1692606247479974,5.2077084,2.0662727,0.79935884,27,539
c12e,1692606248479993,5.2090693,2.0678976,0.8018598,26,549
c12e,1692606249479956,5.210187,2.0722947,0.79996508,24,559
c12e,1692606250480843,5.2180471,2.0669003,0.80538636,27,569
c12e,1692606251480346,5.2249289,2.0674572,0.80554259,26,579
c12e,1692606252480296,5.216114,2.0643485,0.80963695,26,589
c12e,1692606253480330,5.2261152,2.0563955,0.81364846,27,599
c12e,1692606254480764,5.2320461,2.049335,0.80899334,25,609
c12e,1692606255480046,5.2336779,2.036556,0.80970293,27,619
c12e,1692606256481405,5.2383423,2.0384941,0.81404072,27,629
c12e,1692606257481002,5.22141,2.0386448,0.80905712,24,639
c12e,1692606258480061,5.20312,2.050369,0.80061311,22,649
c12e,1692606259480062,5.1955557,2.0536842,0.7952531,23,659
c12e,1692606260481675,5.2058954,2.0532551,0.79617423,25,669
c12e,1692606261480072,5.1946058,2.0569005,0.78788447,22,679
c12e,1692606262480516,5.1948462,2.0655947,0.7906419,24,689
c12e,1692606263481710,5.2104244,2.0599456,0.79058141,25,699
c12e,1692606264480374,5.2041078,2.0614092,0.78993487,24,709
c12e,1692606265480233,5.2235026,2.5265741,0.60148829,88,719
c12e,1692606266481289,5.2263188,2.4070468,0.65388262,26,729
c12e,1692606267480568,5.2244015,2.3242505,0.69149679,25,739
c12e,1692606268480092,5.2279711,2.2539113,0.71912742,26,749
c12e,1692606269480131,5.2366161,2.2063885,0.7359944,25,759
c12e,1692606270480136,5.2447391,2.1795259,0.738244,22,769
c12e,1692606271480625,5.2237406,2.1457992,0.74021691,21,779
c12e,1692606272480150,5.2236757,2.1235631,0.76165324,27,789
c12e,1692606273480481,5.2131987,2.1018867,0.76412052,23,799
c12e,1692606274480169,5.2117186,2.0906889,0.78052515,27,809
c12e,1692606275480162,5.2158,2.0752151,0.80032349,29,819
c12e,1692606276480672,5.192174,2.0697274,0.79447579,22,829
c12e,1692606277481210,5.1920943,2.0632865,0.79706728,25,839
c12e,1692606278481873,5.1918688,2.0650063,0.78766376,22,849
c12e,1692606279480213,5.1946816,2.0681088,0.78684521,24,859
c12e,1692606280480374,5.19952,2.0599673,0.80190706,28,869
c12e,1692606281480231,5.1950049,2.0516639,0.81818593,29,879
c12e,1692606282480331,5.2150011,2.0560296,0.81174278,25,889
c12e,1692606283482648,5.2017241,2.0527098,0.80499464,23,899
c12e,1692606284480528,5.2147865,2.0580108,0.796088,23,909
c12e,1692606285480560,5.2253437,2.0474865,0.79729205,26,919
c12e,1692606286480722,5.2203455,2.0505786,0.80656183,27,929
c12e,1692606287480198,5.222857,2.0534856,0.81310254,27,939
c12e,1692606288480298,5.2055087,2.054106,0.80088139,22,949
c12e,1692606289480640,5.1998448,2.0501261,0.80235463,25,959
c12e,1692606290480252,5.2110858,2.048604,0.810919,28,969
c12e,1692606291480280,5.2101674,2.0494461,0.79684424,22,979
c12e,1692606292480318,5.2077045,2.0613837,0.78643358,22,989
c12e,1692606293481422,5.2114363,2.0644135,0.78769541,24,999
c12e,1692606294480632,5.2108393,2.0671721,0.781621,22,1009
c12e,1692606295480425,5.2141042,2.0625353,0.78958005,26,1019
c12e,1692606296480739,5.2039013,2.0583675,0.80160403,27,1029
c12e,1692606297480636,5.1937256,2.0527017,0.80314618,25,1039
c12e,1692606298480302,5.1984081,2.0582666,0.79495311,23,1049
c12e,1692606299480720,5.2071481,2.0621023,0.77898777,21,1059
c12e,1692606300480465,5.2176003,2.0577614,0.78919011,27,1069
c12e,1692606301480529,5.2395191,2.0585358,0.78371537,24,1079
c12e,1692606302481200,5.22739,2.0478837,0.79769957,28,1089
c12e,1692606303481258,5.2207952,2.0543687,0.79738855,24,1099
c12e,1692606304480349,5.2217155,2.0576644,0.79571962,25,1109
c12e,1692606305480728,5.2220073,2.0535238,0.79320121,24,1119
c12e,1692606306480490,5.2243152,2.0567939,0.7961365,26,1129
c12e,1692606307480352,5.2180371,2.0462263,0.8146143,30,1139
c12e,1692606308480350,5.2280827,2.0556467,0.81106925,25,1149
c12e,1692606309480400,5.2353997,2.0540588,0.80401886,25,1159
c12e,1692606310480703,5.2399464,2.061883,0.79749972,24,1169
c12e,1692606311480424,5.2286806,2.0541725,0.80496055,27,1179
c12e,1692606312480452,5.2172332,2.0590439,0.80592108,25,1189
c12e,1692606313480497,5.2172532,2.0634739,0.80167609,24,1199
c12e,1692606314480544,5.207818,2.0661416,0.80169708,24,1209
c12e,1692606315481332,5.2061644,2.0562985,0.79775244,24,1219
c12e,1692606316480400,5.2007685,2.0539334,0.80100894,25,1229
c12e,1692606317480516,5.1947651,2.0481904,0.81075996,27,1239
c12e,1692606318481388,5.1969914,2.059355,0.81427568,26,1249
c12e,1692606319481343,5.207624,2.051852,0.80412817,24,1259
c12e,1692606320481968,5.2121663,2.03555,0.80663311,27,1269
c12e,1692606321480488,5.2021,2.0346847,0.809286,26,1279
c12e,1692606322481306,5.1952744,2.0383322,0.79849535,22,1289
c12e,1692606323481006,5.1952477,2.0388503,0.80281264,26,1299
c12e,1692606324480465,5.208622,2.0447259,0.80731404,27,1309
c12e,1692606325480464,5.2289243,2.054636,0.80023795,24,1319
c12e,1692606326480915,5.238976,2.061914,0.79975969,25,1329
c12e,1692606327481387,5.2222261,2.0673766,0.78526962,20,1339
c12e,1692606328481407,5.217556,2.078373,0.78072327,22,1349
c12e,1692606329480531,5.2058692,2.0737979,0.7833634,24,1359
c12e,1692606330481570,5.203939,2.071805,0.79664212,27,1369
c12e,1692606331480824,5.2045722,2.0634034,0.79576552,25,1379
c12e,1692606332480526,5.213171,2.0606351,0.79448861,25,1389
c12e,1692606333480531,5.2132826,2.056411,0.81081241,29,1399
c12e,1692606334481832,5.2019811,2.0630398,0.79765815,21,1409
c12e,1692606335480848,5.1941152,2.056268,0.79772371,24,1419
c12e,1692606336480709,5.21919,2.0486443,0.804834,28,1429
c12e,1692606337484094,5.2069888,2.0519886,0.806455,25,1439
c12e,1692606338480575,5.1929212,2.0386634,0.79829246,23,9
c12e,1692606339480726,5.1882691,2.0446937,0.79734123,24,19
c12e,1692606340481488,5.1996217,2.0534482,0.79341686,24,29
c12e,1692606341480634,5.2082586,2.0640211,0.7858476,23,39
c12e,1692606342480752,5.2060943,2.0577729,0.78415412,24,49
c12e,1692606343480625,5.2003803,2.0560246,0.78599954,24,59
c12e,1692606344480846,5.2042885,2.0525043,0.78239113,23,69
c12e,1692606345481590,5.184402,2.0525844,0.78273863,23,79
c12e,1692606346480684,5.1999235,2.0525916,0.78237754,24,89
c12e,1692606347480652,5.1917911,2.0545762,0.7828632,23,99
c12e,1692606348481204,5.1926379,2.060667,0.79065311,25,109
c12e,1692606349480721,5.2144542,2.0580394,0.79651058,27,119
c12e,1692606350480696,5.2061172,2.050909,0.79808336,25,129
c12e,1692606351480827,5.2083054,2.0392945,0.80289638,27,139
c12e,1692606352480666,5.2107086,2.0481081,0.80924225,27,149
c12e,1692606353480689,5.2169404,2.055315,0.80122012,24,159
c12e,1692606354481543,5.2357473,2.0574379,0.79428428,24,169
c12e,1692606355480799,5.229526,2.0604405,0.78636771,23,179
c12e,1692606356481649,5.2316828,2.0573373,0.794341,27,189
c12e,1692606357480710,5.2243805,2.0523856,0.798223,26,199
c12e,1692606358480731,5.2342033,2.0526755,0.7873463,23,209
c12e,1692606359480707,5.2449703,2.0456638,0.78889519,26,219
c12e,1692606360481321,5.2313471,2.0431309,0.80692726,29,229
c12e,1692606361482164,5.2164297,2.0424452,0.81263471,26,239
c12e,1692606362480770,5.2235365,2.0541213,0.80154175,23,249
c12e,1692606363481156,5.2057004,2.0472121,0.80672777,26,259
c12e,1692606364480759,5.2047215,2.0541062,0.81307513,27,269
c12e,1692606365481409,5.2072325,2.0618303,0.79758704,22,279
c12e,1692606366480884,5.2169127,2.0608077,0.79753536,25,289
c12e,1692606367480996,5.2094555,2.0576875,0.79281682,23,299
c12e,1692606368480797,5.2024636,2.0537875,0.79150158,24,309
c12e,1692606369480804,5.1992493,2.0609918,0.781844,21,319
c12e,1692606370482475,5.1923842,2.0654547,0.793374,26,329
c12e,1692606371480967,5.2077584,2.072834,0.78674573,23,339
c12e,1692606372480806,5.1994262,2.0674503,0.78653681,24,349
c12e,1692606373480770,5.195848,2.0625815,0.78664678,24,359
c12e,1692606374480785,5.184958,2.0485804,0.790325,24,369
c12e,1692606375481888,5.1895714,2.0581892,0.78604686,23,379
c12e,1692606376481629,5.1890707,2.0597007,0.77952546,22,389
c12e,1692606377480936,5.213388,2.072058,0.77608293,23,399
c12e,1692606378481021,5.2095728,2.0721457,0.774466,23,409
c12e,1692606379480818,5.2133226,2.0717909,0.77758932,24,419
c12e,1692606380480924,5.2039275,2.0693285,0.78567153,25,429
c12e,1692606381480961,5.1983395,2.0596335,0.78402221,23,439
c12e,1692606382481788,5.2120061,2.061296,0.78811312,26,449
c12e,1692606383481663,5.2059712,2.0523744,0.79628849,26,459
c12e,1692606384481946,5.2011662,2.0526555,0.7959066,24,469
c12e,1692606385493089,5.1926265,2.0514576,0.79679984,24,479
c12e,1692606386480840,5.1919351,2.0539229,0.80116457,26,489
c12e,1692606387480852,5.1838317,2.060034,0.78509682,20,499
c12e,1692606388481040,5.1985216,2.0656059,0.78478777,24,509
c12e,1692606389483604,5.2146258,2.0683382,0.78151375,24,519
c12e,1692606390480960,5.2187395,2.072444,0.77303839,22,529
c12e,1692606391480964,5.2040448,2.0649354,0.77806169,24,539
c12e,1692606392480990,5.2094908,2.0549629,0.78650004,26,549
c12e,1692606393480876,5.1950221,2.0540414,0.80492347,28,559
c12e,1692606394480932,5.2064881,2.0581524,0.79956156,24,569
c12e,1692606395481111,5.2047668,2.0533714,0.79443955,24,579
c12e,1692606396481137,5.2067189,2.0534992,0.80390751,27,589
c12e,1692606397481031,5.1986761,2.0618711,0.79994833,23,599
c12e,1692606398480921,5.1791263,2.0640466,0.81149864,26,609
c12e,1692606399481065,5.1741247,2.0614994,0.79442638,21,619
c12e,1692606400481030,5.1773095,2.0647421,0.79383028,24,629
c12e,1692606401480964,5.1886311,2.0564773,0.79462892,25,639
c12e,1692606402481146,5.2057867,2.053894,0.79262882,25,649
c12e,1692606403481388,5.2193866,2.0479393,0.79767579,27,659
c12e,1692606404481314,5.2200031,2.049593,0.78711867,22,669
c12e,1692606405481940,5.214479,2.0492363,0.78435218,23,679
c12e,1692606406480973,5.2036629,2.0519159,0.80105609,28,689
c12e,1692606407481002,5.2124171,2.0496604,0.80129683,26,699
c12e,1692606408481066,5.1975107,2.0639651,0.80472904,25,709
c12e,1692606409481385,5.1966991,2.0709829,0.814329,27,719
c12e,1692606410480965,5.1984935,2.0624328,0.81710774,27,729
c12e,1692606411481549,5.2025132,2.0655844,0.81810558,26,739
c12e,1692606412481174,5.2002459,2.0497878,0.83544338,31,749
c12e,1692606413482408,5.1970372,2.0442653,0.83686393,27,759
c12e,1692606414481154,5.1994796,2.0600927,0.82208288,23,769
c12e,1692606415481424,5.2183089,2.060771,0.81654543,26,779
c12e,1692606416481638,5.226706,2.0526953,0.80910325,25,789
c12e,1692606417481125,5.240685,2.0553341,0.79000527,22,799
c12e,1692606418482028,5.2475338,2.0642703,0.78638971,24,809
c12e,1692606419481394,5.2553177,2.064827,0.79957646,28,819
c12e,1692606420481014,5.2431269,2.0634036,0.79726589,24,829
c12e,1692606421481515,5.2264347,2.0567873,0.79116744,23,839
c12e,1692606422481257,5.2315574,2.0649869,0.78340834,23,849
c12e,1692606423481123,5.2432346,2.0548115,0.80488819,31,859
c12e,1692606424481135,5.2462587,2.0481267,0.80214858,25,869
c12e,1692606425481196,5.220242,2.042846,0.82320088,30,879
c12e,1692606426482664,5.2382221,2.0549347,0.80828804,23,889
c12e,1692606427481110,5.2359276,2.0509918,0.81215537,27,899
c12e,1692606428482033,5.2183795,2.0556681,0.80446076,23,909
c12e,1692606429481046,5.232461,2.0550971,0.79152036,23,919
c12e,1692606430481155,5.2269158,2.0539172,0.78990287,24,929
c12e,1692606431481284,5.2247291,2.0554566,0.79826772,27,939
c12e,1692606432481114,5.2122221,2.0604732,0.79356021,23,949
c12e,1692606433481138,5.2249975,2.0616207,0.78596288,23,959
c12e,1692606434481126,5.20955,2.0587919,0.79260844,25,969
c12e,1692606435481225,5.194952,2.054822,0.79136437,23,979
c12e,1692606436482847,5.1875095,2.0443497,0.78912115,23,989
c12e,1692606437481460,5.1765332,2.0415664,0.79409945,25,999
c12e,1692606438481219,5.1841884,2.0498521,0.8032788,27,1009
c12e,1692606439481613,5.1957359,2.0469904,0.81232238,28,1019
c12e,1692606440481219,5.1981635,2.0509911,0.81687158,27,1029
c12e,1692606441482693,5.2079964,2.0559847,0.80675322,24,1039
c12e,1692606442481627,5.1956735,2.0580523,0.7988264,23,1049
c12e,1692606443481558,5.1974912,2.0524061,0.79658991,24,1059
c12e,1692606444481555,5.2151613,2.0523708,0.80652362,28,1069
c12e,1692606445482230,5.22173,2.0503953,0.81222707,27,1079
c12e,1692606446482331,5.2143722,2.0409284,0.8030681,23,1089
c12e,1692606447481678,5.2055082,2.040076,0.80822575,26,1099
c12e,1692606448481240,5.19906,2.0384014,0.80207127,24,1109
c12e,1692606449481397,5.201232,2.0418024,0.80489707,51,1119
c12e,1692606450481206,5.1964712,2.0354469,0.81213725,27,1129
c12e,1692606451481216,5.1871815,2.0389829,0.81649673,26,1139
c12e,1692606452482610,5.2082758,2.0450897,0.796034,22,1149
c12e,1692606453481756,5.2187328,2.0605514,0.78913206,23,1159
c12e,1692606454481270,5.21474,2.0571506,0.79145384,25,1169
c12e,1692606455481260,5.2268629,2.0643964,0.78374583,23,1179
c12e,1692606456481277,5.2305779,2.06176,0.79226506,27,1189
c12e,1692606457481211,5.2493567,2.0618048,0.79480022,26,1199
c12e,1692606458481699,5.2367721,2.0699408,0.796653,25,1209
c12e,1692606459481320,5.2276583,2.0722623,0.78599191,22,1219
c12e,1692606460481306,5.2212825,2.06565,0.79507828,26,1229
c12e,1692606461481328,5.2296376,2.0567763,0.79978603,27,1239
c12e,1692606462481486,5.2190995,2.0546806,0.80937779,27,1249
c12e,1692606463482804,5.2231631,2.0474062,0.80552328,25,1259
c12e,1692606464481364,5.2087874,2.0456204,0.79710764,23,1269
c12e,1692606465481369,5.2046027,2.0467806,0.79713708,25,1279
c12e,1692606466481412,5.2070074,2.0567992,0.79053766,23,1289
c12e,1692606467481330,5.216435,2.0580344,0.78746986,24,1299
c12e,1692606468482880,5.2271886,2.0619841,0.7826789,23,1309
c12e,1692606469482202,5.217751,2.07002,0.77736592,22,1319
c12e,1692606470481754,5.1993804,2.05367,0.79801965,28,1329
c12e,1692606471481457,5.2101345,2.0592406,0.79634809,25,1339
c12e,1692606472487848,5.2068629,2.0582583,0.800297,26,1349
c12e,1692606473482411,5.2161889,2.0491929,0.80116767,26,1359
c12e,1692606474482864,5.2152805,2.0400248,0.81044269,28,1369
c12e,1692606475482335,5.2054329,2.042644,0.80815262,25,1379
c12e,1692606476481786,5.2153959,2.0469017,0.81046563,27,1389
c12e,1692606477481743,5.2279587,2.0486507,0.80912125,26,1399
c12e,1692606478481841,5.2341247,2.0499105,0.810731,27,1409
c12e,1692606479481426,5.2233491,2.0496912,0.79858303,22,1419
c12e,1692606480481768,5.220994,2.0565825,0.79441112,24,1429
c12e,1692606481482636,5.2219591,2.0572541,0.79040605,24,1439
c12e,1692606482481428,5.2225385,2.053026,0.79306567,25,9
c12e,1692606483481439,5.2202892,2.0559051,0.79402846,25,19
c12e,1692606484481457,5.2363491,2.0646386,0.78866374,24,29
c12e,1692606485481858,5.2332282,2.065841,0.79417104,26,39
c12e,1692606486482469,5.2382693,2.0631,0.79357517,25,49
c12e,1692606487482312,5.2370734,2.0656607,0.79246086,24,59
c12e,1692606488481774,5.2208681,2.0640557,0.79601806,25,69
c12e,1692606489481442,5.2118444,2.0613253,0.79779893,25,79
c12e,1692606490481498,5.1972194,2.056288,0.78822941,22,89
c12e,1692606491481963,5.2058787,2.0583885,0.787428,24,99
c12e,1692606492482438,5.4428282,2.0536182,0.8078649,47,109
c12e,1692606493481617,5.3719993,2.0505409,0.81015849,25,119
c12e,1692606494482998,5.3352375,2.0535166,0.80128169,24,129
c12e,1692606495481572,5.3073788,2.0515103,0.80528265,26,139
c12e,1692606496482245,5.2886853,2.0461671,0.79386425,23,149
c12e,1692606497481552,5.2777419,2.0516498,0.78810143,24,159
c12e,1692606498481588,5.2724729,2.0575626,0.790143,25,169
c12e,1692606499481515,5.275528,2.0569584,0.79995435,28,179
c12e,1692606500481502,5.2559786,2.0500376,0.79966307,25,189
c12e,1692606501481509,5.2638836,2.0577171,0.79746556,25,199
c12e,1692606502482914,5.2783465,2.4885795,0.6090377,88,209
c12e,1692606503482470,5.245687,2.3801527,0.65409011,23,219
c12e,1692606504481550,5.243639,2.302856,0.68466711,24,229
c12e,1692606505481536,5.2263126,2.239176,0.710924,24,239
c12e,1692606506481895,5.2210722,2.1943457,0.74178588,27,249
c12e,1692606507483037,5.2053833,2.1586447,0.75387144,24,259
c12e,1692606508482588,5.2182522,2.1393979,0.76259893,25,269
c12e,1692606509481816,5.2284303,2.1190372,0.76868618,25,279
c12e,1692606510481704,5.233232,2.1006582,0.77757692,26,289
c12e,1692606511481601,5.2291594,2.1027768,0.78196371,24,299
c12e,1692606512482120,5.2104225,2.084563,0.78894907,25,309
c12e,1692606513481983,5.2126546,2.0715137,0.80414414,29,319
c12e,1692606514482534,5.2162018,2.0677354,0.81140405,27,329
c12e,1692606515481670,5.2148595,2.06653,0.81586117,27,339
c12e,1692606516481618,5.2165756,2.0663722,0.817619,27,349
c12e,1692606517481650,5.2182355,2.0729496,0.80550009,23,359
c12e,1692606518482095,5.2006288,2.0663381,0.79835933,23,369
c12e,1692606519481685,5.197844,2.057534,0.80594254,27,379
c12e,1692606520482600,5.2042289,2.0732231,0.79431659,22,389
c12e,1692606521481665,5.2283473,2.0675776,0.79442155,26,399
c12e,1692606522481769,5.2158942,2.0652797,0.78627121,22,409
c12e,1692606523484357,5.2284141,2.0716193,0.78562832,24,419
c12e,1692606524482464,5.2317696,2.0702598,0.80489963,29,429
c12e,1692606525481712,5.2135477,2.0655847,0.81617695,27,439
c12e,1692606526481729,5.2213216,2.0585971,0.80832732,25,449
c12e,1692606527481801,5.2331185,2.0517879,0.80119896,25,459
c12e,1692606528482687,5.2414494,2.0549393,0.80823576,28,469
c12e,1692606529482057,5.258183,2.0669734,0.80731279,26,479
c12e,1692606530482035,5.2537351,2.0646977,0.79053992,22,489
c12e,1692606531481771,5.2493424,2.0567462,0.78362656,23,499
c12e,1692606532481974,5.2412381,2.0585785,0.78872377,25,509
c12e,1692606533481800,5.2255626,2.0502017,0.80135614,27,519
c12e,1692606534482054,5.2217178,2.0494561,0.79822338,24,529
c12e,1692606535481744,5.2247081,2.05702,0.79407847,24,539
c12e,1692606536481926,5.23416,2.0647547,0.79062879,24,549
c12e,1692606537492478,5.220243,2.0705278,0.78583759,22,559
c12e,1692606538481845,5.2220798,2.0620944,0.79238087,26,569
c12e,1692606539481999,5.2200174,2.065088,0.79069442,24,579
c12e,1692606540481611,5.202486,2.0522597,0.80465609,27,589
c12e,1692606541482651,5.2013936,2.0617716,0.79618472,23,599
c12e,1692606542482771,5.2173848,2.0566332,0.78750491,23,609
c12e,1692606543481892,5.2191892,2.0549226,0.80298579,28,619
c12e,1692606544482254,5.2102528,2.0435834,0.81662124,29,629
c12e,1692606545482000,5.2240658,2.0498488,0.80031496,23,639
c12e,1692606546481837,5.2239995,2.0435705,0.80528963,27,649
c12e,1692606547483149,5.20266,2.0470245,0.80492026,24,659
c12e,1692606548481824,5.20413,2.0434,0.81676573,29,669
c12e,1692606549481861,5.2128181,2.0396287,0.81189644,25,679
c12e,1692606550482173,5.2256942,2.0494249,0.80473614,24,689
c12e,1692606551483208,5.2029276,2.0496564,0.810694,26,699
c12e,1692606552481977,5.1925488,2.0439982,0.80897808,25,709
c12e,1692606553482320,5.186655,2.0411897,0.82440794,29,719
c12e,1692606554482085,5.1986194,2.0466371,0.82228309,26,729
c12e,1692606555482383,5.195735,2.0470598,0.81137758,23,739
c12e,1692606556481852,5.1933689,2.0447378,0.81199533,26,749
c12e,1692606557481854,5.1965036,2.0504489,0.79506916,21,759
c12e,1692606558481869,5.1971397,2.0517569,0.79723841,25,769
c12e,1692606559481890,5.2128134,2.05594,0.80068052,26,779
c12e,1692606560481906,5.2010636,2.056499,0.79371697,23,789
c12e,1692606561483254,5.2245197,2.0527043,0.79704297,27,799
c12e,1692606562482446,5.2355213,2.0625012,0.80047905,26,809
c12e,1692606563481941,5.2340717,2.0569413,0.80032128,25,819
c12e,1692606564481983,5.2247438,2.0541792,0.80615425,26,829
c12e,1692606565482082,5.2047935,2.0443332,0.8105551,26,839
c12e,1692606566482018,5.2099128,2.0511804,0.81352711,27,849
c12e,1692606567482200,5.2096133,2.0593176,0.80406469,23,859
c12e,1692606568482022,5.2157884,2.0646455,0.80730432,26,869
c12e,1692606569482264,5.20408,2.0605383,0.80324936,24,879
c12e,1692606570481946,5.2186017,2.0582044,0.80285329,26,889
c12e,1692606571481964,5.23354,2.5249708,0.61018497,88,899
c12e,1692606572481891,5.2360172,2.4049041,0.6481427,23,909
c12e,1692606573481954,5.2495589,2.3174446,0.6932078,28,919
c12e,1692606574481920,5.2491503,2.2518227,0.71812809,25,929
c12e,1692606575482376,5.2546806,2.2069771,0.74881887,28,939
c12e,1692606576481933,5.2362871,2.1706979,0.76374894,25,949
c12e,1692606577481933,5.2394986,2.1348052,0.77752858,27,959
c12e,1692606578483081,5.2445526,2.1158943,0.77402377,23,969
c12e,1692606579482053,5.2380772,2.1058862,0.78160262,25,979
c12e,1692606580482154,5.2332087,2.0992641,0.77175766,21,989
c12e,1692606581481940,5.2408986,2.0849848,0.78001273,26,999
c12e,1692606582482003,5.2227182,2.0786741,0.77032173,21,1009
c12e,1692606583481984,5.2368469,2.0833397,0.76928645,23,1019
c12e,1692606584485228,5.2400389,2.0852242,0.77368981,24,1029
c12e,1692606585481863,5.245255,2.0898063,0.77275991,23,1039
c12e,1692606586481968,5.2568626,2.0793595,0.77761644,26,1049
c12e,1692606587481895,5.2562041,2.0638306,0.77575356,24,1059
c12e,1692606588482275,5.2493057,2.0597215,0.79089075,28,1069
c12e,1692606589481986,5.2394681,2.0594604,0.79251742,25,1079
c12e,1692606590484392,5.2259979,2.0573845,0.80509478,27,1089
c12e,1692606591483951,5.2236228,2.0574939,0.79205418,22,1099
c12e,1692606592482450,5.2288094,2.0614159,0.79075009,24,1109
c12e,1692606593482195,5.2274389,2.0535409,0.80221033,28,1119
c12e,1692606594482106,5.2173395,2.0559075,0.7975167,24,1129
c12e,1692606595482024,5.1964054,2.0558002,0.79447109,23,1139
c12e,1692606596482885,5.2071466,2.0528798,0.805298,28,1149
c12e,1692606597482018,5.2066975,2.0546234,0.81256634,27,1159
c12e,1692606598482070,5.2123556,2.0501847,0.79572016,22,1169
c12e,1692606599482092,5.2097235,2.0580204,0.78814942,22,1179
c12e,1692606600482340,5.2132912,2.0564563,0.793522,26,1189
c12e,1692606601482858,5.2139106,2.0654223,0.78977948,23,1199
c12e,1692606602483536,5.2374578,2.059443,0.79157972,26,1209
c12e,1692606603482046,5.2257457,2.0573466,0.78915358,24,1219
c12e,1692606604482040,5.2120972,2.053848,0.78354418,22,1229
c12e,1692606605482173,5.2252088,2.0556455,0.78319466,25,1239
c12e,1692606606482152,5.2074838,2.0499978,0.78891021,25,1249
c12e,1692606607482159,5.2067103,2.0610657,0.79191452,25,1259
c12e,1692606608482476,5.20566,2.0673225,0.77857065,21,1269
c12e,1692606609482147,5.212286,2.0637903,0.79288542,28,1279
c12e,1692606610482119,5.2083855,2.0541272,0.8013159,27,1289
c12e,1692606611482908,5.2010751,2.0478959,0.8037951,25,1299
c12e,1692606612482865,5.2062,2.0456481,0.81120354,27,1309
c12e,1692606613482151,5.207005,2.0397804,0.81325382,26,1319
c12e,1692606614482177,5.2067842,2.0511193,0.81090647,25,1329
c12e,1692606615482078,5.2247262,2.0570848,0.80620944,25,1339
c12e,1692606616482084,5.2114882,2.0536921,0.81112832,26,1349
c12e,1692606617482224,5.2097864,2.0609896,0.8064028,24,1359
c12e,1692606618482156,5.2101026,2.0602179,0.79333746,22,1369
c12e,1692606619482329,5.2150316,2.0560136,0.79401547,25,1379
c12e,1692606620482162,5.2102542,2.0539637,0.79159677,24,1389
c12e,1692606621482144,5.2127423,2.0555866,0.797436,26,1399
c12e,1692606622483235,5.2039366,2.0556905,0.80035537,25,1409
c12e,1692606623483064,5.2033596,2.0560784,0.79321337,23,1419
c12e,1692606624482266,5.2335081,2.06121,0.79403859,26,1429
c12e,1692606625482198,5.2422924,2.0561457,0.80243748,28,1439
c12e,1692606626482174,5.2568831,2.0615685,0.797974,25,9
c12e,1692606627482226,5.2357736,2.0625696,0.79825246,24,19
c12e,1692606628482213,5.2265944,2.0564134,0.79938304,25,29
c12e,1692606629483162,5.2050118,2.0543768,0.801239,24,39
c12e,1692606630482423,5.187561,2.0523622,0.79800481,23,49
c12e,1692606631482344,5.19979,2.0543253,0.8013429,26,59
c12e,1692606632482276,5.2120814,2.051929,0.80595648,27,69
c12e,1692606633482232,5.2078533,2.0490477,0.8084085,26,79
c12e,1692606634483058,5.2078161,2.0521743,0.79218787,21,89
c12e,1692606635482563,5.2055407,2.0551128,0.79819578,26,99
c12e,1692606636482231,5.2044663,2.0569303,0.79560596,24,109
c12e,1692606637482395,5.2063661,2.0582535,0.79303443,24,119
c12e,1692606638483516,5.2168412,2.0553694,0.80478644,28,129
c12e,1692606639482359,5.2145948,2.0605323,0.80529815,25,139
c12e,1692606640482504,5.2207255,2.0653071,0.79909855,24,149
c12e,1692606641482282,5.2275257,2.0627198,0.79754621,25,159
c12e,1692606642482696,5.2382011,2.0638657,0.79157442,24,169
c12e,1692606643482294,5.2242541,2.0579557,0.800418,26,179
c12e,1692606644482656,5.2156558,2.0587964,0.80387819,26,189
c12e,1692606645482372,5.2163563,2.0614796,0.80588764,26,199
c12e,1692606646482378,5.21495,2.067148,0.79628009,23,209
c12e,1692606647482370,5.2090812,2.0582218,0.80226094,26,219
c12e,1692606648483230,5.2014337,2.0656281,0.79456168,22,229
c12e,1692606649482773,5.2114487,2.0680246,0.7707237,19,239
c12e,1692606650482352,5.2014995,2.0629313,0.76296431,21,249
c12e,1692606651482656,5.2127342,2.0655954,0.76687986,24,259
c12e,1692606652482349,5.2194848,2.0573909,0.78243446,27,269
c12e,1692606653483229,5.21923,2.0665855,0.77359313,21,279
c12e,1692606654483747,5.2087789,2.0631518,0.78342915,25,289
c12e,1692606655482415,5.219821,2.0578992,0.7746765,22,299
c12e,1692606656482386,5.2338772,2.0589125,0.78486961,27,309
c12e,1692606657482373,5.2299552,2.0540154,0.79520553,27,319
c12e,1692606658482656,5.2073851,2.0665352,0.7891776,22,329
c12e,1692606659484239,5.2050152,2.0619428,0.78589636,23,339
c12e,1692606660482423,5.206634,2.0572813,0.79143566,26,349
c12e,1692606661482437,5.203002,2.0518682,0.79169613,24,359
c12e,1692606662482467,5.1934204,2.0476432,0.7996006,26,369
c12e,1692606663482422,5.1986637,2.0492997,0.79090518,23,379
c12e,1692606664484262,5.2015676,2.0495691,0.78944147,24,389
c12e,1692606665482432,5.2160139,2.0548382,0.78508461,24,399
c12e,1692606666485052,5.21544,2.0491703,0.78660351,25,409
c12e,1692606667482470,5.2185493,2.0484264,0.7900939,25,419
c12e,1692606668482458,5.2385044,2.0473242,0.79520082,27,429
c12e,1692606669482492,5.2372322,2.0592165,0.77856165,20,439
c12e,1692606670482852,5.2187004,2.0525553,0.78682595,25,449
c12e,1692606671482508,5.2334623,2.0494907,0.78379095,24,459
c12e,1692606672483375,5.23176,2.0496562,0.7980715,28,469
c12e,1692606673482500,5.2308564,2.0459261,0.79655963,25,479
c12e,1692606674482608,5.2405672,2.0533326,0.793907,25,489
c12e,1692606675482476,5.2383666,2.0561197,0.80658144,28,499
c12e,1692606676482858,5.2325592,2.0499504,0.80658621,26,509
c12e,1692606677482890,5.2344532,2.0547647,0.80672717,26,519
c12e,1692606678482548,5.230092,2.0526624,0.80579352,25,529
c12e,1692606679483418,5.240387,2.0576067,0.81456792,28,539
c12e,1692606680482964,5.2109332,2.0539489,0.81184483,24,549
c12e,1692606681482521,5.1993527,2.0547073,0.79341644,20,559
c12e,1692606682482900,5.2174225,2.5496807,0.61318964,89,569
c12e,1692606683482686,5.1880651,2.4235523,0.65265,21,579
c12e,1692606684482547,5.2004261,2.330158,0.6842581,24,589
c12e,1692606685482658,5.2092576,2.2623954,0.7072084,24,599
c12e,1692606686482577,5.196435,2.2036505,0.72961617,24,609
c12e,1692606687482533,5.20247,2.1605783,0.74855322,26,619
c12e,1692606688483014,5.1835866,2.1233475,0.77166086,27,629
c12e,1692606689482568,5.1956539,2.1086829,0.77500165,24,639
c12e,1692606690483465,5.1921124,2.0920339,0.77814025,24,649
c12e,1692606691482581,5.2042336,2.0842698,0.78228968,25,659
c12e,1692606692484380,5.2136478,2.0782614,0.77461684,22,669
c12e,1692606693482598,5.2134018,2.0700798,0.77117163,23,679
c12e,1692606694482910,5.22706,2.0684948,0.7747671,25,689
c12e,1692606695482633,5.2174587,2.0684979,0.7788834,24,699
c12e,1692606696482725,5.2256165,2.0659962,0.77938825,24,709
c12e,1692606697482721,5.2155266,2.0667424,0.7806,24,719
c12e,1692606698482669,5.2065659,2.0657332,0.78372908,24,729
c12e,1692606699483345,5.2143917,2.059705,0.779514,23,739
c12e,1692606700482639,5.2306275,2.0526495,0.7939198,29,749
c12e,1692606701482614,5.22571,2.0674272,0.78485894,22,759
c12e,1692606702484258,5.2174029,2.0698686,0.80030721,28,769
c12e,1692606703483162,5.2141171,2.0647275,0.80274928,26,779
c12e,1692606704482756,5.2111821,2.0571465,0.80548865,26,789
c12e,1692606705483252,5.2125578,2.0634108,0.790783,21,799
c12e,1692606706482766,5.2134566,2.0521376,0.80250931,28,809
c12e,1692606707482782,5.2005649,2.0439982,0.79385126,22,819
c12e,1692606708482679,5.205235,2.0514958,0.79149228,24,829
c12e,1692606709482729,5.2148662,2.046201,0.797659,27,839
c12e,1692606710484259,5.2134233,2.0422702,0.80621779,27,849
c12e,1692606711483007,5.2043343,2.0502059,0.79253691,21,859
c12e,1692606712482684,5.1923223,2.0496609,0.79498994,24,869
c12e,1692606713482758,5.1808839,2.0572531,0.78813088,22,879
c12e,1692606714482814,5.2049761,2.055094,0.78782851,25,889
c12e,1692606715482808,5.2016478,2.0551684,0.79423857,26,899
c12e,1692606716484361,5.2024059,2.0620968,0.7937355,24,909
c12e,1692606717483595,5.2302532,2.527324,0.60697526,89,919
c12e,1692606718482724,5.2180629,2.4141304,0.65357763,24,929
c12e,1692606719483813,5.208281,2.3243935,0.69634861,26,939
c12e,1692606720482759,5.2158241,2.263664,0.72235316,25,949
c12e,1692606721483288,5.2168751,2.2061045,0.7481373,27,959
c12e,1692606722483784,5.2153168,2.1687386,0.770338,27,969
c12e,1692606723483064,5.2264462,2.1436763,0.78050518,26,979
c12e,1692606724482794,5.2131791,2.1119657,0.79241145,26,989
c12e,1692606725484066,5.2019477,2.0868864,0.79761475,25,999
c12e,1692606726483582,5.2126503,2.0866508,0.79120034,23,1009
c12e,1692606727484246,5.213964,2.0724874,0.8028605,28,1019
c12e,1692606728482749,5.2233486,2.0755968,0.798679,24,1029
c12e,1692606729483124,5.2233338,2.0693464,0.8074249,27,1039
c12e,1692606730482897,5.2211523,2.0655727,0.81153184,27,1049
c12e,1692606731483700,5.2111335,2.0602109,0.81053424,25,1059
c12e,1692606732482802,5.2139592,2.0619476,0.80765343,25,1069
c12e,1692606733483111,5.2195897,2.0675175,0.80696636,25,1079
c12e,1692606734482820,5.2332716,2.0608175,0.79711264,24,1089
c12e,1692606735482840,5.2223978,2.0557344,0.80210984,26,1099
c12e,1692606736482849,5.2241426,2.0599337,0.8030085,26,1109
c12e,1692606737482841,5.2098551,2.0605712,0.80332875,25,1119
c12e,1692606738484207,5.2157941,2.0593204,0.7995072,25,1129
c12e,1692606739483668,5.22078,2.0540228,0.79433513,24,1139
c12e,1692606740483787,5.2184095,2.0497761,0.79968047,26,1149
c12e,1692606741482889,5.2050719,2.04921,0.80173862,25,1159
c12e,1692606742482934,5.2280936,2.052788,0.80921686,28,1169
c12e,1692606743482900,5.221777,2.0565591,0.80582803,25,1179
c12e,1692606744483368,5.2091308,2.0569432,0.79723155,23,1189
c12e,1692606745482981,5.2075868,2.0560217,0.79563349,24,1199
c12e,1692606746483831,5.1904964,2.0611393,0.79200035,22,1209
c12e,1692606747482928,5.2022452,2.0583527,0.80362558,28,1219
c12e,1692606748484797,5.1975708,2.0551622,0.79658467,23,1229
c12e,1692606749483246,5.2050948,2.0626884,0.78260642,21,1239
c12e,1692606750482908,5.2116308,2.0636673,0.78819042,26,1249
c12e,1692606751483465,5.2063107,2.0625942,0.78969604,24,1259
c12e,1692606752482937,5.203742,2.0641508,0.78767461,24,1269
c12e,1692606753483874,5.1986594,2.069582,0.80415344,28,1279
c12e,1692606754483633,5.1968145,2.0628982,0.81032813,27,1289
c12e,1692606755483833,5.2033653,2.063483,0.80253124,24,1299
c12e,1692606756482968,5.1850166,2.0600042,0.79840612,23,1309
c12e,1692606757483006,5.1988688,2.0646822,0.79776531,25,1319
c12e,1692606758482980,5.2032323,2.0650065,0.80435735,27,1329
c12e,1692606759482964,5.2023897,2.0577841,0.813884,28,1339
c12e,1692606760483334,5.1926522,2.0509565,0.80830848,24,1349
c12e,1692606761483816,5.2128153,2.055645,0.81531429,28,1359
c12e,1692606762483130,5.2303586,2.049433,0.80773085,25,1369
c12e,1692606763483230,5.2231941,2.0440204,0.7963984,23,1379
c12e,1692606764483389,5.2154078,2.0500236,0.79686373,25,1389
c12e,1692606765483552,5.2167473,2.0469232,0.79708147,25,1399
c12e,1692606766483373,5.2111192,2.0538914,0.79341352,23,1409
c12e,1692606767483017,5.2169366,2.0606797,0.78462464,22,1419
c12e,1692606768483906,5.2089438,2.0603735,0.78735524,24,1429
c12e,1692606769483945,5.22629,2.0601046,0.77861452,23,1439
c12e,1692606770483376,5.2136903,2.057704,0.78428149,25,9
c12e,1692606771483380,5.2143531,2.0494046,0.79568654,27,19
c12e,1692606772483102,5.2140775,2.0508211,0.79883856,26,29
c12e,1692606773483114,5.2095866,2.0605836,0.79388422,23,39
c12e,1692606774483068,5.2142258,2.0541217,0.79341918,25,49
c12e,1692606775483413,5.2065134,2.0585334,0.79226506,24,59
c12e,1692606776484014,5.2097454,2.0639925,0.78843719,23,69
c12e,1692606777483284,5.2138166,2.0610263,0.79165155,25,79
c12e,1692606778483429,5.2274232,2.0572655,0.78986943,25,89
c12e,1692606779483094,5.21244,2.058877,0.78754133,23,99
c12e,1692606780484515,5.2286811,2.0534937,0.80010307,29,109
c12e,1692606781484219,5.2233782,2.0559654,0.80559224,26,119
c12e,1692606782483130,5.2113972,2.0550961,0.80954671,26,129
c12e,1692606783483164,5.2249837,2.055583,0.80748552,26,139
c12e,1692606784483236,5.2092209,2.056046,0.80299073,24,149
c12e,1692606785485268,5.19934,2.0567641,0.79131603,22,159
c12e,1692606786483946,5.2125926,2.0588791,0.7848075,23,169
c12e,1692606787483602,5.228662,2.0531769,0.78911674,26,179
c12e,1692606788483187,5.2209249,2.050344,0.78773504,24,189
c12e,1692606789483207,5.213377,2.0476391,0.78414774,23,199
c12e,1692606790484087,5.2216978,2.0512209,0.79541183,27,209
c12e,1692606791483244,5.2068434,2.0522757,0.78897762,22,219
c12e,1692606792483507,5.2143421,2.0462065,0.79313427,26,229
c12e,1692606793483234,5.2155051,2.0532179,0.77647394,20,239
c12e,1692606794484051,5.1953983,2.0658715,0.76478589,19,249
c12e,1692606795483984,5.2013607,2.0679007,0.76969326,24,259
c12e,1692606796483443,5.2156105,2.0659242,0.76436305,22,269
c12e,1692606797483284,5.220787,2.0637255,0.76237571,23,279
c12e,1692606798483191,5.226707,2.066885,0.76755732,24,289
c12e,1692606799484010,5.2349677,2.0596991,0.76722687,24,299
c12e,1692606800484148,5.2130456,2.0581987,0.77869827,25,309
c12e,1692606801483214,5.2063761,2.0538754,0.78652608,25,319
c12e,1692606802484112,5.2075462,2.05937,0.77870017,22,329
c12e,1692606803483594,5.2025032,2.058991,0.77587771,23,339
c12e,1692606804483335,5.2163358,2.0605292,0.77296233,23,349
c12e,1692606805484348,5.2254677,2.0604157,0.76707852,22,359
c12e,1692606806483265,5.2426939,2.0584819,0.779214,27,369
c12e,1692606807483255,5.2426124,2.056833,0.78385824,25,379
c12e,1692606808483703,5.2359233,2.0612435,0.7822386,23,389
c12e,1692606809483300,5.2354035,2.056205,0.79739124,28,399
c12e,1692606810483302,5.2228003,2.0657489,0.81249386,28,409
c12e,1692606811483320,5.2060318,2.0602508,0.81693071,26,419
c12e,1692606812484238,5.2231441,2.0517905,0.81815243,27,429
c12e,1692606813483308,5.2462788,2.0615249,0.81622547,27,439
c12e,1692606814483943,5.2275891,2.0510535,0.82036328,27,449
c12e,1692606815483604,5.2205505,2.0553768,0.81242764,24,459
c12e,1692606816483665,5.227253,2.0565464,0.8115871,26,469
c12e,1692606817483371,5.2211952,2.060967,0.80572444,24,479
c12e,1692606818483318,5.2261667,2.064939,0.7982983,24,489
c12e,1692606819484270,5.2234368,2.0529175,0.79920155,25,499
c12e,1692606820483381,5.22002,2.0632353,0.7993173,25,509
c12e,1692606821485042,5.2391443,2.5098972,0.61224735,88,519
c12e,1692606822483504,5.22343,2.3945451,0.65452337,23,529
c12e,1692606823483728,5.2065725,2.3055563,0.69435656,25,539
c12e,1692606824483311,5.2135496,2.2389379,0.72640777,27,549
c12e,1692606825483568,5.1988115,2.189826,0.74345,24,559
c12e,1692606826483520,5.2212791,2.143832,0.78037304,32,569
c12e,1692606827483384,5.2272358,2.1264939,0.77612978,23,579
c12e,1692606828483358,5.2188649,2.1096,0.78241128,25,589
c12e,1692606829483305,5.19919,2.090605,0.78732419,24,599
c12e,1692606830483750,5.2007089,2.0755892,0.7818954,23,609
c12e,1692606831483616,5.1935058,2.0727742,0.79217964,26,619
c12e,1692606832483338,5.197825,2.0755031,0.80076516,26,629
c12e,1692606833484070,5.1962504,2.0741098,0.80516,26,639
c12e,1692606834483339,5.1991129,2.0633826,0.80793583,26,649
c12e,1692606835483394,5.186902,2.0540807,0.813664,26,659
c12e,1692606836483716,5.1904387,2.0501301,0.8088513,25,669
c12e,1692606837483803,5.2135267,2.063406,0.79812807,23,679
c12e,1692606838483374,5.222477,2.0618892,0.785123,22,689
c12e,1692606839484259,5.2319994,2.05706,0.78823549,26,699
c12e,1692606840483454,5.2015462,2.0542817,0.79406774,24,709
c12e,1692606841483404,5.2013979,2.0494962,0.79510605,25,719
c12e,1692606842484122,5.2190485,2.0577083,0.78892291,24,729
c12e,1692606843483515,5.2296209,2.0602455,0.78358859,24,739
c12e,1692606844483655,5.2172179,2.0595751,0.781945,23,749
c12e,1692606845484196,5.22175,2.0615292,0.78354949,25,759
c12e,1692606846483754,5.2183084,2.0562925,0.78885233,25,769
c12e,1692606847483414,5.210608,2.0499196,0.80094469,27,779
c12e,1692606848483837,5.2245421,2.050422,0.79700881,25,789
c12e,1692606849483696,5.2112303,2.056819,0.79088366,22,799
c12e,1692606850483566,5.2291141,2.0547483,0.789646,25,809
c12e,1692606851484239,5.2223644,2.0593636,0.78053838,22,819
c12e,1692606852484512,5.2266574,2.0630798,0.79126853,27,829
c12e,1692606853483586,5.2296305,2.0684741,0.79260468,25,839
c12e,1692606854483787,5.2368636,2.0686972,0.79333752,25,849
c12e,1692606855483505,5.2270522,2.0611963,0.79184657,24,859
c12e,1692606856483902,5.2199316,2.0558934,0.79960859,26,869
c12e,1692606857483661,5.2288604,2.0461903,0.81098163,29,879
c12e,1692606858484420,5.2337832,2.0486627,0.81535494,27,889
c12e,1692606859486184,5.2337751,2.0459936,0.82320172,29,899
c12e,1692606860483482,5.2279973,2.0457921,0.80966169,23,909
c12e,1692606861483733,5.2258277,2.048389,0.80308139,24,919
c12e,1692606862483858,5.2238407,2.055012,0.79460114,23,929
c12e,1692606863485280,5.2069507,2.0605676,0.79896361,25,939
c12e,1692606864483742,5.2021847,2.0562439,0.804652,26,949
c12e,1692606865483548,5.20778,2.0546274,0.80090666,25,959
c12e,1692606866483707,5.2089086,2.0633783,0.7944929,23,969
c12e,1692606867483676,5.1984992,2.0582011,0.7917046,23,979
c12e,1692606868485930,5.2131376,2.0656607,0.78911257,24,989
c12e,1692606869483557,5.2032156,2.0578651,0.79907918,26,999
c12e,1692606870483762,5.2098641,2.0594742,0.79763144,25,1009
c12e,1692606871483597,5.2200928,2.0662894,0.79973418,26,1019
c12e,1692606872483671,5.2293572,2.0725267,0.79420805,24,1029
c12e,1692606873483615,5.2299485,2.0750153,0.79219294,24,1039
c12e,1692606874484005,5.24022,2.0689313,0.79610443,26,1049
c12e,1692606875485282,5.2215943,2.0654471,0.79122365,23,1059
c12e,1692606876483559,5.2373433,2.0589497,0.79067969,25,1069
c12e,1692606877483718,5.2364564,2.0544474,0.78883117,24,1079
c12e,1692606878484570,5.2366676,2.0569878,0.7875908,24,1089
c12e,1692606879485114,5.2302775,2.0504408,0.7965489,27,1099
c12e,1692606880483737,5.2228513,2.0434911,0.800801,26,1109
c12e,1692606881483684,5.2382522,2.0373869,0.813526,30,1119
c12e,1692606882484631,5.2316637,2.0525007,0.80705106,24,1129
c12e,1692606883483672,5.2365775,2.0530026,0.80530024,26,1139
c12e,1692606884483851,5.2296576,2.0561683,0.81244075,27,1149
c12e,1692606885484057,5.216413,2.0508342,0.79763341,22,1159
c12e,1692606886484495,5.2041821,2.0540533,0.79336435,23,1169
c12e,1692606887483923,5.210433,2.0570927,0.79834533,26,1179
c12e,1692606888484064,5.2205315,2.0585043,0.8018769,26,1189
c12e,1692606889483675,5.2260709,2.0652571,0.79644263,24,1199
c12e,1692606890484080,5.2108617,2.0587373,0.79621059,24,1209
c12e,1692606891483856,5.2080779,2.0635302,0.79150486,23,1219
c12e,1692606892483964,5.2139745,2.057013,0.79246378,25,1229
c12e,1692606893484650,5.2078404,2.0662916,0.78470457,22,1239
c12e,1692606894483810,5.2198782,2.0630291,0.79423022,27,1249
c12e,1692606895484338,5.2179494,2.0636213,0.79106462,24,1259
c12e,1692606896483848,5.2206182,2.0603395,0.78659344,24,1269
c12e,1692606897484031,5.2372909,2.0630662,0.79047376,26,1279
c12e,1692606898483852,5.226357,2.0607331,0.77463007,20,1289
c12e,1692606899483825,5.2202721,2.0630507,0.77019989,22,1299
c12e,1692606900483864,5.2383108,2.0587914,0.770761,24,1309
c12e,1692606901485724,5.2170019,2.0549068,0.77288574,23,1319
c12e,1692606902483798,5.222949,2.0580077,0.77646917,25,1329
c12e,1692606903483832,5.2365117,2.0616813,0.77747691,24,1339
c12e,1692606904483845,5.2211761,2.0614402,0.79160595,27,1349
c12e,1692606905483799,5.2147255,2.0674043,0.79531616,25,1359
c12e,1692606906483880,5.2138925,2.0605938,0.79945707,26,1369
c12e,1692606907484714,5.2064137,2.0612741,0.8085621,27,1379
c12e,1692606908483788,5.2066278,2.055048,0.81457835,27,1389
c12e,1692606909484766,5.2093234,2.0612738,0.80723351,24,1399
c12e,1692606910483911,5.2274952,2.0653703,0.80432087,25,1409
c12e,1692606911484906,5.2194314,2.0643373,0.80647254,26,1419
c12e,1692606912485234,5.2440414,2.0710466,0.80542088,26,1429
c12e,1692606913485056,5.2359829,2.0620296,0.80298549,25,1439
c12e,1692606914484007,5.2463055,2.0617971,0.81001049,28,9
c12e,1692606915483919,5.2418857,2.0589714,0.80080283,24,19
c12e,1692606916483997,5.2499819,2.069572,0.8002342,25,29
c12e,1692606917483916,5.2422442,2.0505409,0.798214,25,39
c12e,1692606918485192,5.2243853,2.0529239,0.79648143,24,49
c12e,1692606919484160,5.2031093,2.0624902,0.79385948,23,59
c12e,1692606920484166,5.2014875,2.5395567,0.61269188,88,69
c12e,1692606921483977,5.1958923,2.4156125,0.66351593,26,79
c12e,1692606922483978,5.2155943,2.326623,0.69856405,26,89
c12e,1692606923484199,5.1943355,2.2493374,0.73396635,26,99
c12e,1692606924484283,5.1968007,2.2037544,0.75325227,26,109
c12e,1692606925485026,5.2052941,2.1715157,0.76929694,26,119
c12e,1692606926484845,5.2015576,2.1353693,0.77410388,24,129
c12e,1692606927484084,5.214232,2.1170375,0.77282661,24,139
c12e,1692606928484132,5.1899176,2.0940869,0.78072226,24,149
c12e,1692606929484431,5.1715031,2.0883882,0.78041762,22,159
c12e,1692606930484881,5.1671805,2.0737717,0.78778946,25,169
c12e,1692606931484016,5.1715083,2.0706785,0.79474485,26,179
c12e,1692606932484056,5.1857419,2.0745552,0.7899009,23,189
c12e,1692606933484058,5.1825461,2.0726209,0.7862817,23,199
c12e,1692606934484031,5.185154,2.0725162,0.79724061,27,209
c12e,1692606935488768,5.1901278,2.0685849,0.79262555,24,219
c12e,1692606936484861,5.2087941,2.057904,0.80438113,29,229
c12e,1692606937484592,5.1926117,2.0585468,0.80291003,24,239
c12e,1692606938488402,5.2021213,2.0724611,0.791543,22,249
c12e,1692606939484083,5.20566,2.0627303,0.78350818,23,259
c12e,1692606940484006,5.2055755,2.0591574,0.77926636,23,269
c12e,1692606941484072,5.1931314,2.0597229,0.79225641,26,279
c12e,1692606942484113,5.1809373,2.056525,0.78670818,22,289
c12e,1692606943484043,5.1791129,2.0525753,0.7953406,26,299
c12e,1692606944483965,5.1775956,2.0532513,0.78823197,22,309
c12e,1692606945484916,5.186141,2.0531216,0.79033375,25,319
c12e,1692606946484453,5.1870151,2.056797,0.77976739,21,329
c12e,1692606947484022,5.1929693,2.0583262,0.79213363,27,339
c12e,1692606948484545,5.1945133,2.0584543,0.79408747,25,349
c12e,1692606949484122,5.1976476,2.058131,0.78819853,23,359
c12e,1692606950486744,5.1958966,2.0608234,0.78687704,24,369
c12e,1692606951484976,5.19985,2.0535789,0.79003024,25,379
c12e,1692606952484151,5.2062693,2.0544918,0.79691017,26,389
c12e,1692606953484144,5.200841,2.0614376,0.80090815,25,399
c12e,1692606954484172,5.1974163,2.0653965,0.81268615,28,409
c12e,1692606955484114,5.1954584,2.0576067,0.81571895,26,419
c12e,1692606956573736,5.2185693,2.0521824,0.81180573,26,429
c12e,1692606957484124,5.2076716,2.052748,0.81929028,27,439
c12e,1692606958484147,5.1911941,2.0514317,0.82004881,25,449
c12e,1692606959484608,5.2096643,2.0473619,0.82204419,28,459
c12e,1692606960484174,5.2036109,2.0543621,0.81071979,23,469
c12e,1692606961484980,5.1926823,2.0542469,0.808467,24,479
c12e,1692606962484447,5.1837144,2.05377,0.80006188,23,489
c12e,1692606963484212,5.181675,2.0586607,0.80470306,26,499
c12e,1692606964484968,5.192616,2.0635986,0.79255444,22,509
c12e,1692606965484182,5.2031536,2.0598152,0.79718226,26,519
c12e,1692606966484200,5.2057261,2.0602059,0.79806137,25,529
c12e,1692606967484290,5.2079124,2.0639963,0.78909028,22,539
c12e,1692606968484215,5.2146349,2.0661101,0.79294944,26,549
c12e,1692606969484260,5.2185383,2.0473561,0.808089,29,559
c12e,1692606970484238,5.206037,2.0561461,0.81033319,25,569
c12e,1692606971484310,5.1920476,2.0471003,0.817418,27,579
c12e,1692606972485069,5.2061744,2.0433264,0.80703527,24,589
c12e,1692606973484237,5.2159076,2.0511148,0.79612648,23,599
c12e,1692606974484312,5.2080278,2.0484774,0.80170965,26,609
c12e,1692606975484442,5.2020049,2.0509343,0.79140472,22,619
c12e,1692606976484234,5.2031422,2.0529842,0.7911371,24,629
c12e,1692606977484294,5.1901231,2.0562117,0.79455727,24,639
c12e,1692606978484592,5.189322,2.0495982,0.81133091,29,649
c12e,1692606979484313,5.21262,2.0410037,0.80949217,26,659
c12e,1692606980484305,5.2046623,2.0394342,0.81188685,26,669
c12e,1692606981487840,5.2034297,2.0445874,0.80298972,23,679
c12e,1692606982484276,5.2079549,2.0483441,0.809883,27,689
c12e,1692606983484694,5.2148027,2.0531058,0.804503,25,699
c12e,1692606984484392,5.2114854,2.0578113,0.79752475,23,709
c12e,1692606985484325,5.2412076,2.0696757,0.78876442,24,719
c12e,1692606986485100,5.2334185,2.0677171,0.78997779,25,729
c12e,1692606987485233,5.2363162,2.0686092,0.78425872,23,739
c12e,1692606988484381,5.2179265,2.0478415,0.78860354,25,749
c12e,1692606989484456,5.2002287,2.0419922,0.79235756,24,759
c12e,1692606990484369,5.187449,2.0442204,0.79638213,25,769
c12e,1692606991487819,5.1913252,2.0464797,0.79499644,24,779
c12e,1692606992484381,5.1832185,2.0525217,0.78813916,22,789
c12e,1692606993485178,5.2064919,2.0488663,0.78189772,24,799
c12e,1692606994484370,5.2230539,2.0568848,0.79770905,29,809
c12e,1692606995484809,5.2082615,2.0607862,0.7947728,23,819
c12e,1692606996484483,5.2252779,2.0611153,0.78526986,23,829
c12e,1692606997484405,5.205337,2.0542214,0.78909194,24,839
c12e,1692606998485250,5.218523,2.0540686,0.79543412,27,849
c12e,1692606999484587,5.2213879,2.0477493,0.79440784,25,859
c12e,1692607000484421,5.22009,2.0523555,0.78708422,23,869
c12e,1692607001484564,5.2025456,2.0525715,0.78059012,22,879
c12e,1692607002484621,5.2118659,2.0603583,0.78846061,26,889
c12e,1692607003484373,5.2312603,2.0631816,0.78982359,26,899
c12e,1692607004484480,5.21956,2.0671613,0.7965436,25,909
c12e,1692607005484509,5.2040811,2.0577521,0.80164069,25,919
c12e,1692607006484491,5.2130213,2.0635555,0.79051369,22,929
c12e,1692607007484502,5.1954551,2.064589,0.78679544,22,939
c12e,1692607008484484,5.2073126,2.0714219,0.783279,23,949
c12e,1692607009485091,5.2088933,2.0704944,0.78574568,25,959
c12e,1692607010485313,5.2224193,2.0683024,0.79577839,27,969
c12e,1692607011484871,5.2301145,2.0693808,0.79504949,25,979
c12e,1692607012484841,5.2165108,2.0752788,0.78069907,20,989
c12e,1692607013484578,5.2145376,2.0765915,0.78037423,23,999
c12e,1692607014484568,5.2035723,2.075326,0.78525859,24,1009
c12e,1692607015484682,5.18957,2.0795939,0.79181361,24,1019
c12e,1692607016484482,5.1939888,2.075578,0.78463012,23,1029
c12e,1692607017484583,5.1987095,2.0741444,0.77708411,22,1039
c12e,1692607018484999,5.198041,2.0728135,0.77821565,24,1049
c12e,1692607019484720,5.2020755,2.0710566,0.7769925,23,1059
c12e,1692607020484593,5.2080259,2.0551376,0.78549314,26,1069
c12e,1692607021484991,5.2109065,2.0525234,0.78282773,24,1079
c12e,1692607022484613,5.2285666,2.0481205,0.79334819,28,1089
c12e,1692607023484631,5.2161107,2.0483181,0.80310708,27,1099
c12e,1692607024484960,5.2228289,2.0600216,0.79459029,23,1109
c12e,1692607025484835,5.2243571,2.0652976,0.7857936,22,1119
c12e,1692607026485366,5.2086792,2.0646143,0.79077417,25,1129
c12e,1692607027484655,5.202271,2.0595784,0.792864,25,1139
c12e,1692607028485498,5.194653,2.0599785,0.80136716,26,1149
c12e,1692607029484654,5.1976743,2.0524406,0.79623979,24,1159
c12e,1692607030484646,5.2026281,2.0548661,0.793203,24,1169
c12e,1692607031484682,5.1983728,2.0534279,0.785764,22,1179
c12e,1692607032485008,5.2132139,2.0555615,0.78130448,24,1189
c12e,1692607033484644,5.2226048,2.0633547,0.78748888,26,1199
c12e,1692607034484690,5.2211022,2.0627701,0.77792561,22,1209
c12e,1692607035485170,5.226182,2.06416,0.78911954,27,1219
c12e,1692607036484701,5.2523913,2.0639317,0.78370547,24,1229
c12e,1692607037485055,5.24927,2.0584393,0.77745736,23,1239
c12e,1692607038484739,5.2400823,2.0499465,0.77401012,23,1249
c12e,1692607039484713,5.2240791,2.0443308,0.77656436,24,1259
c12e,1692607040484709,5.2229443,2.0541406,0.77573282,23,1269
c12e,1692607041484735,5.225657,2.0508406,0.77762103,24,1279
c12e,1692607042484710,5.2033982,2.04585,0.782954,24,1289
c12e,1692607043485292,5.2000165,2.0452921,0.79053038,26,1299
c12e,1692607044484744,5.197504,2.0456586,0.79525495,25,1309
c12e,1692607045484726,5.2195663,2.0567133,0.7934078,25,1319
c12e,1692607046485082,5.2206249,2.0487187,0.80010927,27,1329
c12e,1692607047484756,5.2257047,2.0497053,0.81056237,28,1339
c12e,1692607048484750,5.2191148,2.0491242,0.805763,24,1349
c12e,1692607049485242,5.2198896,2.0416458,0.80740827,26,1359
c12e,1692607050484758,5.2242346,2.0481179,0.81544328,28,1369
c12e,1692607051484820,5.2245717,2.0520062,0.79941082,22,1379
c12e,1692607052484784,5.2289343,2.0436523,0.80354905,27,1389
c12e,1692607053484852,5.2218585,2.0347538,0.80488533,26,1399
c12e,1692607054485240,5.2055726,2.0383565,0.79831761,23,1409
c12e,1692607055485264,5.208066,2.0555034,0.79461795,24,1419
c12e,1692607056484763,5.2046423,2.052985,0.78917158,23,1429
c12e,1692607057484823,5.2085814,2.0564299,0.79371536,26,1439
c12e,1692607058484792,5.2110071,2.0529337,0.80087638,27,9
c12e,1692607059484813,5.2140484,2.0523438,0.79424733,24,19
c12e,1692607060485152,5.200923,2.0504563,0.79686666,25,29
c12e,1692607061484804,5.1952047,2.0484693,0.79279494,23,39
c12e,1692607062485922,5.204464,2.0504491,0.787782,24,49
c12e,1692607063485676,5.2365561,2.048526,0.79606587,28,59
c12e,1692607064484810,5.2328839,2.0432768,0.803244,27,69
c12e,1692607065486578,5.2425451,2.0627682,0.79474705,23,79
c12e,1692607066485226,100,100,100,0,89
c12e,1692607067484974,5.2342296,2.0666468,0.80069858,26,99
c12e,1692607068484952,5.2552352,2.0628777,0.79268754,24,109
c12e,1692607069484902,5.2444997,2.0695658,0.78832853,23,119
c12e,1692607070484882,5.2202916,2.0687652,0.790709,24,129
c12e,1692607071488119,5.2136564,2.0663035,0.79334575,25,139
c12e,1692607072484921,5.2143278,2.0558543,0.80248475,27,149
c12e,1692607073485951,5.217361,2.0588143,0.81235343,28,159
c12e,1692607074492429,5.2093472,2.0576875,0.80412334,23,169
c12e,1692607075487256,5.2147069,2.0620472,0.79275179,22,179
c12e,1692607076484881,100,100,100,0,189
c12e,1692607077485231,5.232233,2.0686545,0.79744184,26,199
c12e,1692607078484916,5.227078,2.0683205,0.79844922,25,209
c12e,1692607079485110,5.2318211,2.0664647,0.79723907,25,219
c12e,1692607080484903,5.2371249,2.0717647,0.78282231,21,229
c12e,1692607081484943,5.2392855,2.0726888,0.78673404,25,239
c12e,1692607082486435,5.2403474,2.0770421,0.77833086,22,249
c12e,1692607083484938,5.2201853,2.0631452,0.78276855,24,259
c12e,1692607084485049,5.2226176,2.0589952,0.78514183,25,269
c12e,1692607085484919,5.220109,2.0525415,0.79766178,27,279
c12e,1692607086484931,5.2164192,2.0491924,0.80755937,27,289
c12e,1692607087484959,5.205337,2.0545568,0.80951369,25,299
c12e,1692607088485472,5.2279692,2.0637908,0.80859494,26,309
c12e,1692607089485119,5.2276125,2.0551403,0.80250579,24,319
c12e,1692607090485104,5.2165675,2.0556333,0.79787433,24,329
c12e,1692607091485124,5.2307582,2.0560596,0.79641438,25,339
c12e,1692607092485296,5.23318,2.0505047,0.79859388,26,349
c12e,1692607093485101,5.2357116,2.0534866,0.80443454,27,359
c12e,1692607094485020,5.2390671,2.0528574,0.79169905,23,369
c12e,1692607095485868,5.2483358,2.0559175,0.7966876,27,379
c12e,1692607096485122,5.2516189,2.0619955,0.80036634,26,389
c12e,1692607097485154,5.2404866,2.0703712,0.80731893,26,399
c12e,1692607098485041,5.2256341,2.0638096,0.8073746,25,409
c12e,1692607099485440,5.2351613,2.0628109,0.80697775,26,419
c12e,1692607100485661,5.2365255,2.0683796,0.80232286,24,429
c12e,1692607101486376,5.2378912,2.0671422,0.78872019,22,439
c12e,1692607102485074,5.2397304,2.075865,0.77993697,22,449
c12e,1692607103485116,5.2624812,2.0682778,0.79128647,28,459
c12e,1692607104486930,5.2420325,2.0674989,0.78001404,21,469
c12e,1692607105486168,5.22363,2.0660343,0.78995854,26,479
c12e,1692607106485148,5.2077918,2.0698388,0.7903226,23,489
c12e,1692607107485108,5.2233768,2.0684109,0.78708732,24,499
c12e,1692607108485142,5.2058997,2.0634379,0.80417317,28,509
c12e,1692607109485472,5.2114868,2.0675263,0.79883194,24,519
c12e,1692607110485546,5.2020822,2.066824,0.80276173,25,529
c12e,1692607111486090,5.19907,2.0581598,0.80323923,25,539
c12e,1692607112485133,5.1866355,2.052166,0.79835981,23,549
c12e,1692607113485177,5.2019615,2.058888,0.795389,24,559
c12e,1692607114485211,5.1910815,2.0520627,0.78888565,22,569
c12e,1692607115485574,5.2000322,2.0539582,0.78420818,23,579
c12e,1692607116485221,5.2159772,2.0607343,0.77435267,22,589
c12e,1692607117485380,5.2283792,2.0718515,0.77793044,25,599
c12e,1692607118485185,5.2332211,2.072063,0.78193879,25,609
c12e,1692607119485669,5.2265782,2.069623,0.783096,24,619
c12e,1692607120485250,5.2403874,2.0830264,0.79291451,27,629
c12e,1692607121486558,5.2430143,2.0727198,0.78381455,23,639
c12e,1692607122486264,5.2428842,2.0743234,0.78475887,24,649
c12e,1692607123485254,5.2469716,2.0665786,0.784115,25,659
c12e,1692607124485211,5.2404752,2.0661464,0.78493512,24,669
c12e,1692607125485308,5.2475,2.0749521,0.76550645,20,679
c12e,1692607126485299,5.2328315,2.0704722,0.76979214,24,689
c12e,1692607127485818,5.2211719,2.0699275,0.76264536,21,699
c12e,1692607128488224,5.2267532,2.069628,0.77556831,26,709
c12e,1692607129487622,5.2282486,2.0755925,0.76960021,22,719
c12e,1692607130485280,5.2316585,2.0717535,0.7650997,22,729
c12e,1692607131485543,5.2150087,2.0656931,0.775803,25,739
c12e,1692607132486670,5.2014403,2.0662293,0.77260607,22,749
c12e,1692607133485302,5.2046838,2.0550776,0.76926106,23,759
c12e,1692607134485677,5.19745,2.0612276,0.77969831,25,769
c12e,1692607135485388,5.1979947,2.0645995,0.78005409,23,779
c12e,1692607136485785,5.1884446,2.0545964,0.78310382,24,789
c12e,1692607137487909,5.2018843,2.0583491,0.78704,25,799
c12e,1692607138486189,5.1912837,2.0504403,0.79335439,25,809
c12e,1692607139486402,5.1852565,2.0477085,0.79179841,24,819
c12e,1692607140491405,5.4345522,2.0464294,0.82768095,47,829
c12e,1692607141486480,5.3851671,2.0486016,0.8195495,25,839
c12e,1692607142485385,5.335165,2.0529013,0.81166089,24,849
c12e,1692607143487285,5.2953019,2.0470755,0.80979091,25,859
c12e,1692607144485412,5.2779574,2.0423467,0.80933744,26,869
c12e,1692607145485454,5.2853742,2.0382419,0.81100613,27,879
c12e,1692607146486160,5.2687697,2.0447969,0.80717629,25,889
c12e,1692607147486215,5.2481666,2.0526834,0.80839974,25,899
c12e,1692607148485372,5.2344828,2.0563037,0.80973065,26,909
c12e,1692607149485520,5.2363348,2.0512829,0.81150979,27,919
c12e,1692607150486454,5.2512913,2.0561328,0.81074095,27,929
c12e,1692607151485656,5.2662945,2.0508103,0.81102943,27,939
c12e,1692607152485493,5.2577567,2.0514126,0.80239296,24,949
c12e,1692607153485487,5.24069,2.0463398,0.80896777,27,959
c12e,1692607154485631,5.2365394,2.0432751,0.80889583,26,969
c12e,1692607155486892,5.2188139,2.0490839,0.80295587,23,979
c12e,1692607156485790,5.2179327,2.0565879,0.81554651,28,989
c12e,1692607157485480,5.2060313,2.0535126,0.814241,25,999
c12e,1692607158485714,5.2081423,2.058105,0.81691,27,1009
c12e,1692607159485516,5.1914043,2.0507636,0.82410991,27,1019
c12e,1692607160485481,5.1994429,2.0538948,0.80794638,23,1029
c12e,1692607161486248,5.2048287,2.0469551,0.8032676,25,1039
c12e,1692607162485510,5.2097869,2.0484502,0.79892576,24,1049
c12e,1692607163485482,5.2164736,2.057508,0.78581494,22,1059
c12e,1692607164501519,5.21507,2.0560143,0.779754,23,1069
c12e,1692607165485474,5.21036,2.060811,0.77834964,23,1079
c12e,1692607166486822,5.1880231,2.061506,0.78609216,24,1089
c12e,1692607167485428,5.193912,2.0569768,0.80667144,30,1099
c12e,1692607168485565,5.1890612,2.0526741,0.79935455,23,1109
c12e,1692607169485534,5.2069349,2.0561547,0.79728055,25,1119
c12e,1692607170485410,100,100,100,0,1129
c12e,1692607171485514,5.2381659,2.061578,0.80371583,28,1139
c12e,1692607172486868,5.2309361,2.0621619,0.79151136,22,1149
c12e,1692607173485480,5.23558,2.0565214,0.79452235,26,1159
c12e,1692607174485557,5.2372532,2.0545764,0.79628694,26,1169
c12e,1692607175485586,5.2243915,2.0508838,0.80573821,27,1179
c12e,1692607176485524,5.2190804,2.0463147,0.81770885,29,1189
c12e,1692607177485562,5.2193623,2.04985,0.81702006,26,1199
c12e,1692607178485886,5.2220407,2.0453687,0.80964881,25,1209
c12e,1692607179485812,5.2212658,2.055378,0.80550039,24,1219
c12e,1692607180486344,5.212471,2.0615036,0.79154319,21,1229
c12e,1692607181485640,5.2227249,2.0796175,0.78513104,23,1239
c12e,1692607182485578,5.2244606,2.0802276,0.78745055,25,1249
c12e,1692607183487382,5.2321887,2.0731931,0.78741807,25,1259
c12e,1692607184485640,5.2207918,2.0630374,0.78996855,25,1269
c12e,1692607185486519,5.2338352,2.0720725,0.78919429,25,1279
c12e,1692607186485714,5.2299714,2.0654473,0.79652488,26,1289
c12e,1692607187486189,5.2150364,2.0593724,0.80093491,25,1299
c12e,1692607188485583,5.2121964,2.0515525,0.78925174,22,1309
c12e,1692607189485997,5.2100687,2.0463042,0.8002373,27,1319
c12e,1692607190485672,5.2082181,2.0456789,0.80073422,25,1329
c12e,1692607191486133,5.1907768,2.0441546,0.80126649,24,1339
c12e,1692607192485674,5.2103996,2.0420704,0.80378717,27,1349
c12e,1692607193486464,5.2159328,2.0480361,0.79323614,23,1359
c12e,1692607194485967,5.2164783,2.0518694,0.78508794,23,1369
c12e,1692607195485698,5.2171164,2.0505788,0.78748143,25,1379
c12e,1692607196485672,5.213706,2.0470676,0.78219289,23,1389
c12e,1692607197485698,5.225893,2.0504649,0.78423142,25,1399
c12e,1692607198485698,5.2186203,2.0545218,0.79338276,26,1409
c12e,1692607199485719,5.2076406,2.059772,0.78989649,23,1419
c12e,1692607200486088,5.2119761,2.0604007,0.80090761,27,1429
c12e,1692607201485694,5.2059298,2.055337,0.80707479,26,1439
c12e,1692607202487830,5.2102404,2.0541463,0.79889613,24,9
c12e,1692607203485806,5.2088704,2.0524349,0.79669327,24,19
c12e,1692607204486592,5.2056813,2.0617938,0.79227531,23,29
c12e,1692607205487486,5.2152324,2.0606866,0.79562509,26,39
c12e,1692607206486475,5.2119284,2.0630159,0.78594613,22,49
c12e,1692607207486641,5.2148647,2.0630469,0.79403603,26,59
c12e,1692607208486620,5.2173748,2.0576458,0.78987527,24,69
c12e,1692607209500896,5.2090015,2.0582781,0.80234283,27,79
c12e,1692607210486653,5.2068834,2.0582104,0.80561566,26,89
c12e,1692607211486640,5.2107,2.0580792,0.80680823,26,99
c12e,1692607212485813,5.2133121,2.0561135,0.80075639,24,109
c12e,1692607213486119,5.2032328,2.0522144,0.79111737,22,119
c12e,1692607214486182,5.2108274,2.0530529,0.79034871,25,129
c12e,1692607215486642,5.208715,2.0483906,0.79618824,26,139
c12e,1692607216486028,5.1969953,2.0498593,0.79546487,24,149
c12e,1692607217485858,5.2072873,2.0553861,0.79952186,26,159
c12e,1692607218485770,5.2188139,2.0612831,0.79598683,24,169
c12e,1692607219485804,5.2183862,2.0583375,0.796788,25,179
c12e,1692607220485851,5.2217937,2.0667732,0.79134029,23,189
c12e,1692607221486038,5.2245,2.0613248,0.79932445,27,199
c12e,1692607222486506,5.2438841,2.059236,0.80110377,27,209
c12e,1692607223485909,5.242753,2.05543,0.79542154,24,219
c12e,1692607224485868,5.2202806,2.0536871,0.79541028,50,229
c12e,1692607225485825,5.1949434,2.0544872,0.8029514,25,239
c12e,1692607226486818,5.2036862,2.0525019,0.800279,25,249
c12e,1692607227490211,5.192163,2.0588665,0.78647822,21,259
c12e,1692607228485909,5.2096281,2.0667243,0.77532864,22,269
c12e,1692607229485899,5.2053919,2.0636911,0.77395731,23,279
c12e,1692607230485887,5.2109852,2.0637469,0.78086537,25,289
c12e,1692607231485880,5.2099771,2.0613067,0.77921736,23,299
c12e,1692607232485947,5.2160892,2.0564907,0.77437383,23,309
c12e,1692607233486228,5.2209945,2.0571163,0.78962469,28,319
c12e,1692607234487048,5.2173882,2.0531731,0.78955412,24,329
c12e,1692607235486694,5.2274141,2.0477602,0.78764415,25,339
c12e,1692607236486006,5.2056746,2.0494671,0.79052395,24,349
c12e,1692607237485897,5.2182856,2.0452344,0.79931372,27,359
c12e,1692607238485921,5.2103519,2.0546005,0.80060822,25,369
c12e,1692607239485948,5.2276754,2.0555668,0.792348,24,379
c12e,1692607240485995,5.233212,2.0599506,0.79069334,24,389
c12e,1692607241485910,5.2232304,2.0597048,0.77872568,21,399
c12e,1692607242486077,5.216713,2.0549645,0.78588009,25,409
c12e,1692607243486239,5.2050686,2.0470812,0.79273105,25,419
c12e,1692607244485921,5.2062044,2.037991,0.7972644,26,429
c12e,1692607245486967,5.1930008,2.0482543,0.79327565,23,439
c12e,1692607246487074,5.1881604,2.0463724,0.80026621,26,449
c12e,1692607247485936,5.2169566,2.0485992,0.804753,27,459
c12e,1692607248486576,5.219027,2.0484071,0.81083071,27,469
c12e,1692607249486079,5.2427306,2.04823,0.80526525,26,479
c12e,1692607250486276,5.226428,2.050173,0.80622733,25,489
c12e,1692607251486124,5.2258844,2.0581644,0.80356973,25,499
c12e,1692607252486864,5.2385445,2.056273,0.80438089,26,509
c12e,1692607253486022,5.2245522,2.0421102,0.80553496,26,519
c12e,1692607254486368,5.2172966,2.0492647,0.80453348,25,529
c12e,1692607255486008,5.2210612,2.0518119,0.81043261,27,539
c12e,1692607256486273,5.2106986,2.0581903,0.80731982,24,549
c12e,1692607257486588,5.2170711,2.0563421,0.81119412,27,559
c12e,1692607258486076,5.2295108,2.0592008,0.80003345,24,569
c12e,1692607259486150,5.2162752,2.0625832,0.79374427,23,579
c12e,1692607260486009,5.4473877,2.0602732,0.81650394,46,589
c12e,1692607261486402,5.391809,2.0675433,0.81827849,26,599
c12e,1692607262487362,5.3502622,2.0657516,0.81714231,26,609
c12e,1692607263486848,5.3114843,2.0670524,0.79863393,21,619
c12e,1692607264487028,5.2850943,2.0647709,0.80251056,26,629
c12e,1692607265486156,5.2702293,2.0697887,0.78907347,22,639
c12e,1692607266486068,5.2843189,2.0736029,0.80485547,30,649
c12e,1692607267486112,5.2762785,2.0699189,0.79682112,24,659
c12e,1692607268486316,5.244112,2.0653648,0.79587638,24,669
c12e,1692607269487508,5.241528,2.0697498,0.79138786,24,679
c12e,1692607270486196,5.2211361,2.0629148,0.7918238,24,689
c12e,1692607271486184,5.2283916,2.0573983,0.80370241,28,699
c12e,1692607272486637,5.2139716,2.0572746,0.80154443,24,709
c12e,1692607273486884,100,100,100,0,719
c12e,1692607274486182,5.2270174,2.0567088,0.81137854,28,729
c12e,1692607275486563,5.2396612,2.0677392,0.80997032,26,739
c12e,1692607276486506,5.2434621,2.0719085,0.80579495,25,749
c12e,1692607277486167,5.2311492,2.0770915,0.80024052,23,759
c12e,1692607278486237,5.2265,2.0773587,0.79184622,23,769
c12e,1692607279486194,5.2340717,2.0716262,0.79362321,26,779
c12e,1692607280486552,5.230793,2.0646963,0.79275405,25,789
c12e,1692607281486294,5.229188,2.0593927,0.79387623,25,799
c12e,1692607282486196,5.2200103,2.0535107,0.80850565,28,809
c12e,1692607283487162,5.2214131,2.055227,0.80981266,26,819
c12e,1692607284486223,5.2139416,2.0589025,0.81194562,26,829
c12e,1692607285486245,5.1852884,2.0533454,0.81558472,25,839
c12e,1692607286486344,5.1918435,2.0612731,0.81233954,25,849
c12e,1692607287486246,5.2026224,2.0596421,0.81011856,26,859
c12e,1692607288486398,5.2118807,2.0581019,0.81414163,27,869
c12e,1692607289487761,5.200501,2.058105,0.81864762,26,879
c12e,1692607290486771,5.1957412,2.0577643,0.81206572,24,889
c12e,1692607291487128,5.1993914,2.0611651,0.80463523,24,899
c12e,1692607292487094,5.2067237,2.0592897,0.79583687,23,909
c12e,1692607293487049,5.214139,2.0647302,0.79904664,26,919
c12e,1692607294487834,5.2368751,2.0621789,0.79296565,25,929
c12e,1692607295487126,5.2310562,2.058331,0.7936976,25,939
c12e,1692607296486404,5.2194371,2.0554578,0.79796785,25,949
c12e,1692607297486308,5.21806,2.0609074,0.79394972,24,959
c12e,1692607298486280,5.2233095,2.0603137,0.80612677,28,969
c12e,1692607299486385,5.2373834,2.0659075,0.79491794,23,979
c12e,1692607300487184,5.2214,2.0580502,0.80343318,26,989
c12e,1692607301486641,5.224062,2.0560515,0.79763347,24,999
c12e,1692607302486516,5.2104988,2.0616453,0.80735052,27,1009
c12e,1692607303486302,5.2166767,2.0466456,0.80571306,26,1019
c12e,1692607304486281,5.2044654,2.0544865,0.815555,27,1029
c12e,1692607305487228,5.2255659,2.0540552,0.81581181,27,1039
c12e,1692607306487170,5.236927,2.5017059,0.61464512,88,1049
c12e,1692607307486450,5.228354,2.3916643,0.66179115,25,1059
c12e,1692607308486355,5.2381158,2.3109503,0.69676024,26,1069
c12e,1692607309487057,5.2268724,2.2476406,0.728872,26,1079
c12e,1692607310487316,5.2096577,2.1875768,0.74069446,23,1089
c12e,1692607311486637,5.2199979,2.1579447,0.75674421,26,1099
c12e,1692607312486749,5.2305651,2.1260574,0.76868582,26,1109
c12e,1692607313486498,5.2268147,2.1107757,0.77366734,24,1119
c12e,1692607314486420,5.2226329,2.0896559,0.778175,25,1129
c12e,1692607315487180,5.2193723,2.0839732,0.78608996,26,1139
c12e,1692607316486517,5.2187929,2.0701392,0.79008353,25,1149
c12e,1692607317486454,5.2061877,2.0635896,0.79726267,26,1159
c12e,1692607318486434,5.2111969,2.0623012,0.79637849,25,1169
c12e,1692607319486652,5.2213721,2.053843,0.7939781,25,1179
c12e,1692607320486511,5.2228794,2.0480218,0.80040729,27,1189
c12e,1692607321487442,5.2400279,2.0569863,0.78438246,22,1199
c12e,1692607322486601,5.2178555,2.0521576,0.78118223,22,1209
c12e,1692607323486416,5.2266674,2.05648,0.78504139,25,1219
c12e,1692607324486527,5.2229505,2.0660191,0.78661972,24,1229
c12e,1692607325486474,5.2208562,2.0682743,0.79523957,26,1239
c12e,1692607326486712,5.2148666,2.0686679,0.80068392,26,1249
c12e,1692607327486438,5.2300186,2.0623026,0.81012589,28,1259
c12e,1692607328488849,5.2177181,2.0598288,0.81259906,26,1269
c12e,1692607329487379,5.2060919,2.0598605,0.82224125,28,1279
c12e,1692607330486494,5.1895146,2.0501702,0.82105684,25,1289
c12e,1692607331486592,5.1820378,2.0487397,0.81909019,25,1299
c12e,1692607332486613,5.1862068,2.0525367,0.81837249,26,1309
c12e,1692607333486556,5.20201,2.0605266,0.81237006,25,1319
c12e,1692607334486933,5.1927724,2.0572731,0.81125581,25,1329
c12e,1692607335487388,5.2102413,2.0536842,0.80577523,25,1339
c12e,1692607336486595,5.216527,2.063153,0.79984444,24,1349
c12e,1692607337486577,5.2358241,2.06548,0.7942872,24,1359
c12e,1692607338486627,5.2152538,2.0667922,0.78796291,22,1369
c12e,1692607339487920,5.2077546,2.0673394,0.787031,24,1379
c12e,1692607340487428,5.2254057,2.0676665,0.790179,26,1389
c12e,1692607341487828,5.2438631,2.0688453,0.78680843,24,1399
c12e,1692607342486941,5.2356358,2.0653126,0.77956915,22,1409
c12e,1692607343487415,5.2428141,2.056664,0.7837373,26,1419
c12e,1692607344486579,5.2376962,2.0532818,0.78919709,26,1429
c12e,1692607345487133,5.2306409,2.050699,0.79601127,26,1439
c12e,1692607346490084,5.2172408,2.0481009,0.804094,26,9
c12e,1692607347486970,5.212688,2.0411282,0.80354506,25,19
c12e,1692607348486698,5.2099957,2.0475473,0.79281223,22,29
c12e,1692607349486619,5.2014008,2.0514731,0.77663052,20,39
c12e,1692607350486681,5.21733,2.0525815,0.77401853,24,49
c12e,1692607351487503,5.2090721,2.0532117,0.786334,26,59
c12e,1692607352486781,5.4347725,2.0408161,0.80387866,46,69
c12e,1692607353486960,5.3839712,2.0444117,0.8019889,25,79
c12e,1692607354486641,5.3405962,2.0430255,0.7956298,24,89
c12e,1692607355487027,5.3099174,2.0449378,0.80544937,27,99
c12e,1692607356486729,5.3066149,2.048537,0.80403912,26,109
c12e,1692607357487890,5.2827444,2.0492933,0.80815941,26,119
c12e,1692607358486737,5.2655158,2.0554872,0.80252832,24,129
c12e,1692607359486882,5.259613,2.0626521,0.80283523,25,139
c12e,1692607360486724,5.2630906,2.0629041,0.79825962,25,149
c12e,1692607361486790,5.2492905,2.0565405,0.8008408,26,159
c12e,1692607362488436,5.2287197,2.0543716,0.80050051,24,169
c12e,1692607363486730,5.2308526,2.0621774,0.7956928,24,179
c12e,1692607364486774,5.2165341,2.0604489,0.80328548,26,189
c12e,1692607365486888,5.2177191,2.0542252,0.79693359,24,199
c12e,1692607366486840,5.2105441,2.0565162,0.79148597,23,209
c12e,1692607367486788,5.2036791,2.0579479,0.79364777,25,219
c12e,1692607368487178,5.1981769,2.0518858,0.78905916,23,229
c12e,1692607369487567,5.2056742,2.0528264,0.78909796,25,239
c12e,1692607370486801,5.2034698,2.0518765,0.79677492,26,249
c12e,1692607371490960,5.2055287,2.0424349,0.79724145,25,259
c12e,1692607372486875,5.2063284,2.0393622,0.79107976,23,269
c12e,1692607373488142,5.2103081,2.0395222,0.79565865,26,279
c12e,1692607374486922,5.2069559,2.0471039,0.80099827,26,289
c12e,1692607375487659,5.2005396,2.0568194,0.80126566,24,299
c12e,1692607376490866,5.1935086,2.0480123,0.79716611,24,309
c12e,1692607377486916,5.1851215,2.0466118,0.79615748,24,319
c12e,1692607378487236,5.17891,2.0450447,0.790435,23,329
c12e,1692607379486844,5.174397,2.0486465,0.78053254,21,339
c12e,1692607380486865,5.1873779,2.0518847,0.78288877,25,349
c12e,1692607381486921,5.1918159,2.04944,0.78067619,23,359
c12e,1692607382486880,5.188529,2.040494,0.79316181,27,369
c12e,1692607383488756,5.1848545,2.0421202,0.79825652,25,379
c12e,1692607384487265,5.2075543,2.0415795,0.79440331,25,389
c12e,1692607385486831,5.2186413,2.0586302,0.79962289,26,399
c12e,1692607386486967,5.2235456,2.0627551,0.80169386,26,409
c12e,1692607387487136,5.2103367,2.0576284,0.79884613,24,419
c12e,1692607388486864,5.2083712,2.052604,0.80160183,26,429
c12e,1692607389487290,5.2165241,2.05787,0.79613709,24,439
c12e,1692607390487034,5.2219648,2.0622656,0.7844497,22,449
c12e,1692607391486984,5.2146072,2.0676916,0.7832095,23,459
c12e,1692607392487835,5.2303891,2.0668776,0.77946955,24,469
c12e,1692607393487106,5.2398477,2.0556526,0.78239173,25,479
c12e,1692607394486846,5.2230258,2.0515974,0.78322792,24,489
c12e,1692607395487283,5.2285218,2.0565195,0.77919632,23,499
c12e,1692607396487012,5.2261543,2.0592976,0.78237695,25,509
c12e,1692607397487738,5.2294521,2.0614562,0.79455894,27,519
c12e,1692607398487841,5.2151356,2.056464,0.79734695,25,529
c12e,1692607399487099,5.2316113,2.0575473,0.79278862,25,539
c12e,1692607400487030,5.2217112,2.0512829,0.79366308,25,549
c12e,1692607401487474,5.2247343,2.0539374,0.79038095,24,559
c12e,1692607402486993,5.2498641,2.0623322,0.78329319,24,569
c12e,1692607403487415,5.2244935,2.0503559,0.79517365,26,579
c12e,1692607404487184,5.2223463,2.0519245,0.79045612,24,589
c12e,1692607405487094,5.2248964,2.055378,0.79796076,27,599
c12e,1692607406487426,5.2363038,2.0434425,0.79305637,25,609
c12e,1692607407487879,5.2470636,2.0547211,0.7979185,26,619
c12e,1692607408487198,5.2311172,2.0581877,0.79658103,24,629
c12e,1692607409487444,5.215014,2.0568938,0.80137414,25,639
c12e,1692607410486994,5.2139273,2.0584371,0.79354417,23,649
c12e,1692607411487104,5.2202358,2.0584908,0.79094207,24,659
c12e,1692607412487446,5.2021046,2.0547016,0.78838587,23,669
c12e,1692607413487123,5.2085304,2.0630271,0.79008871,25,679
c12e,1692607414487118,5.21196,2.0572708,0.79491538,26,689
c12e,1692607415488032,5.2135649,2.0543461,0.80081576,26,699
c12e,1692607416488366,5.2078505,2.0543163,0.79513991,23,709
c12e,1692607417487100,5.2114148,2.0603721,0.798276,25,719
c12e,1692607418487258,5.2015939,2.0483313,0.79779214,24,729
c12e,1692607419487141,5.2118182,2.0395832,0.79828852,26,739
c12e,1692607420487110,5.2169495,2.0498443,0.79031789,23,749
c12e,1692607421487090,5.2406597,2.065253,0.78414953,24,759
c12e,1692607422487269,5.2155495,2.0552437,0.78554374,23,769
c12e,1692607423488900,5.2182126,2.0612762,0.78692365,24,779
c12e,1692607424488424,5.2138257,2.0568216,0.79284638,26,789
c12e,1692607425487221,5.207624,2.0584633,0.78842056,23,799
c12e,1692607426487150,5.2111263,2.0603712,0.78229445,23,809
c12e,1692607427487105,5.2151952,2.0529177,0.79164457,27,819
c12e,1692607428487178,5.222909,2.0549126,0.7921356,25,829
c12e,1692607429487942,5.2151117,2.06025,0.79678422,25,839
c12e,1692607430487264,5.2075753,2.0600512,0.79647487,24,849
c12e,1692607431487427,5.2048097,2.0593526,0.8054468,27,859
c12e,1692607432488133,5.2173548,2.0543942,0.80469781,26,869
c12e,1692607433488160,5.2238426,2.0459306,0.79567206,24,879
c12e,1692607434487136,5.2335439,2.0451775,0.79408741,25,889
c12e,1692607435487669,5.2182283,2.0450413,0.7960375,25,899
c12e,1692607436489682,5.2300963,2.0525436,0.7830438,22,909
c12e,1692607437487385,5.2225418,2.0536082,0.79717046,27,919
c12e,1692607438488211,5.243629,2.0554779,0.80236673,27,929
c12e,1692607439487347,5.233819,2.0651758,0.80200696,25,939
c12e,1692607440487202,5.2284484,2.0497432,0.79316521,23,949
c12e,1692607441487832,5.2225266,2.0491326,0.79239506,24,959
c12e,1692607442487313,5.2166758,2.0426822,0.79381329,25,969
c12e,1692607443488058,5.2171974,2.0465469,0.79617339,25,979
c12e,1692607444487538,5.2218566,2.0452304,0.79089493,24,989
c12e,1692607445487601,5.2338419,2.0536063,0.788727,24,999
c12e,1692607446487238,5.2403169,2.0610626,0.78085613,23,1009
c12e,1692607447487622,5.2503772,2.0570569,0.78511775,26,1019
c12e,1692607448487352,5.2427411,2.0660937,0.77937686,22,1029
c12e,1692607449487254,5.2477417,2.0671117,0.77931339,24,1039
c12e,1692607450487356,5.261508,2.0698972,0.77860379,24,1049
c12e,1692607451488775,5.2525268,2.0683408,0.77178121,22,1059
c12e,1692607452488193,5.245729,2.0639951,0.78513968,27,1069
c12e,1692607453487424,5.2431912,2.0724902,0.78251594,23,1079
c12e,1692607454487392,5.2307582,2.062309,0.78982562,26,1089
c12e,1692607455487468,5.2206683,2.0712721,0.7905522,24,1099
c12e,1692607456487456,5.20999,2.063292,0.78900486,24,1109
c12e,1692607457487452,5.2109261,2.0651908,0.78909993,24,1119
c12e,1692607458487590,5.1990204,2.0622573,0.79400384,25,1129
c12e,1692607459487432,5.1963086,2.0598655,0.79805392,25,1139
c12e,1692607460487425,5.2123971,2.0563271,0.79698747,25,1149
c12e,1692607461487374,5.2141309,2.0667994,0.79228014,23,1159
c12e,1692607462487472,5.2306457,2.0649931,0.7948854,26,1169
c12e,1692607463487781,5.2131023,2.0629921,0.81066728,28,1179
c12e,1692607464487835,5.2092581,2.0666182,0.80441731,24,1189
c12e,1692607465487741,5.1937394,2.0626004,0.80755168,25,1199
c12e,1692607466488682,5.1980433,2.0606291,0.79512662,22,1209
c12e,1692607467487632,5.2030611,2.0613141,0.78650576,23,1219
c12e,1692607468487923,5.2190976,2.0616105,0.7921859,26,1229
c12e,1692607469487574,5.2147813,2.0708973,0.80055648,26,1239
c12e,1692607470487538,5.2183704,2.0637441,0.80539507,27,1249
c12e,1692607471487582,5.2162046,2.051264,0.80579883,26,1259
c12e,1692607472487809,5.2163,2.0581944,0.79193294,22,1269
c12e,1692607473487910,5.2222986,2.0573149,0.77992469,22,1279
c12e,1692607474488457,5.2116938,2.0602517,0.7813381,24,1289
c12e,1692607475487546,5.1945467,2.0524523,0.79527026,26,1299
c12e,1692607476487532,5.2143917,2.0547309,0.80239421,27,1309
c12e,1692607477487563,5.2146735,2.0520451,0.79963773,25,1319
c12e,1692607478487541,5.2082429,2.0517125,0.81223613,28,1329
c12e,1692607479487938,5.2056255,2.0634181,0.80495906,23,1339
c12e,1692607480487610,5.2040076,2.0578346,0.80345947,25,1349
c12e,1692607481487618,5.1990304,2.0651908,0.80992258,26,1359
c12e,1692607482487642,5.2176995,2.077059,0.80926365,26,1369
c12e,1692607483488122,5.20822,2.0742643,0.8042832,24,1379
c12e,1692607484487950,5.210093,2.0682724,0.7991662,24,1389
c12e,1692607485488720,5.2175512,2.0609548,0.80472142,27,1399
c12e,1692607486488882,5.20979,2.0530753,0.80390191,25,1409
c12e,1692607487487590,5.2257285,2.0549533,0.78550446,21,1419
c12e,1692607488487957,5.2103376,2.0580571,0.78160214,22,1429
c12e,1692607489488385,5.2056308,2.059793,0.77210093,21,1439
c12e,1692607490487664,5.2065592,2.0616231,0.7668764,22,9
c12e,1692607491487739,5.217773,2.0606322,0.77422452,52,19
c12e,1692607492491020,5.2197113,2.0597818,0.78505588,26,29
c12e,1692607493487882,5.2115541,2.0569181,0.78345716,23,39
c12e,1692607494487687,5.2190895,2.0561554,0.77734286,23,49
c12e,1692607495488420,5.1990747,2.0596414,0.7801643,23,59
c12e,1692607496488689,5.208046,2.0584183,0.78598714,26,69
c12e,1692607497487928,5.2032733,2.0551915,0.78302455,23,79
c12e,1692607498487608,5.2001557,2.0557442,0.78085846,23,89
c12e,1692607499488766,5.1895819,2.0544047,0.78914243,25,99
c12e,1692607500488975,5.1972904,2.0426688,0.79491144,26,109
c12e,1692607501487592,5.1805506,2.0405171,0.8125698,28,119
c12e,1692607502487590,5.1983151,2.0463829,0.80661297,25,129
c12e,1692607503487688,5.2234349,2.0565286,0.800351,25,139
c12e,1692607504487788,5.2165852,2.0596015,0.79566586,24,149
c12e,1692607505487744,5.2173014,2.0506256,0.79117173,24,159
c12e,1692607506488097,5.2392559,2.0487583,0.79968292,28,169
c12e,1692607507487792,5.2272491,2.0585978,0.78991067,22,179
c12e,1692607508488092,5.2177224,2.0650671,0.78556448,23,189
c12e,1692607509487750,5.2127442,2.060051,0.78412741,24,199
c12e,1692607510487838,5.2158685,2.0569959,0.79536152,27,209
c12e,1692607511489163,5.2147975,2.0543559,0.79758066,25,219
c12e,1692607512487852,5.2116127,2.0514383,0.8047334,27,229
c12e,1692607513488044,5.2007041,2.058506,0.79402411,22,239
c12e,1692607514488130,5.2149014,2.05176,0.79099661,25,249
c12e,1692607515488674,5.2195063,2.0615993,0.79081935,24,259
c12e,1692607516488057,5.2079754,2.0595136,0.77993757,21,269
c12e,1692607517489310,5.2169929,2.0545552,0.78612334,26,279
c12e,1692607518487868,5.2250314,2.0536664,0.79263049,26,289
c12e,1692607519487800,5.2123089,2.0507066,0.79379684,24,299
c12e,1692607520487803,5.2140431,2.0565271,0.79145145,24,309
c12e,1692607521487808,5.2243047,2.0590644,0.79162151,25,319
c12e,1692607522488774,5.2211728,2.0574815,0.79287595,25,329
c12e,1692607523488171,5.2123032,2.0598726,0.78577459,22,339
c12e,1692607524487851,5.2251954,2.0546594,0.7914775,26,349
c12e,1692607525487915,5.2272677,2.0593302,0.79088759,24,359
c12e,1692607526487879,5.2299418,2.0549421,0.79965109,27,369
c12e,1692607527488348,5.2390184,2.053401,0.79697883,25,379
c12e,1692607528489763,5.2357416,2.0575128,0.79832166,25,389
c12e,1692607529487986,5.2211146,2.0595412,0.78358042,21,399
c12e,1692607530490475,5.2381353,2.0677922,0.78552324,25,409
c12e,1692607531487943,5.2244449,2.0687861,0.7863431,24,419
c12e,1692607532487904,5.1963468,2.063163,0.79051477,24,429
c12e,1692607533487981,5.2144594,2.0575716,0.78502631,24,439
c12e,1692607534488282,5.216084,2.0541556,0.78630644,25,449
c12e,1692607535487958,5.2364359,2.0481756,0.78730452,26,459
c12e,1692607536489118,5.2287364,2.0534542,0.79619056,26,469
c12e,1692607537487926,5.2182441,2.0579128,0.79609549,24,479
c12e,1692607538488882,5.2404308,2.0519793,0.80418128,53,489
c12e,1692607539489380,5.2345548,2.0550032,0.80413973,25,499
c12e,1692607540491873,5.21593,2.052644,0.80043739,24,509
c12e,1692607541488358,5.2052574,2.0548983,0.7901895,22,519
c12e,1692607542488243,5.2216048,2.0642579,0.79327422,26,529
c12e,1692607543488026,5.2282863,2.0711536,0.78786236,23,539
c12e,1692607544489370,5.2117844,2.0672252,0.78331548,22,549
c12e,1692607545488022,5.2003751,2.0644617,0.77577478,21,559
c12e,1692607546488032,5.2056007,2.0669448,0.77587444,23,569
c12e,1692607547488012,5.2023821,2.0683308,0.7746309,23,579
c12e,1692607548488074,5.2023573,2.0590687,0.78536206,26,589
c12e,1692607549488856,5.1996212,2.0597503,0.77584296,21,599
c12e,1692607550488333,5.1877494,2.0542934,0.78961426,26,609
c12e,1692607551488337,5.1806765,2.0583227,0.79889697,26,619
c12e,1692607552488099,5.1969247,2.061815,0.79973143,26,629
c12e,1692607553488050,5.20637,2.0636833,0.80187607,26,639
c12e,1692607554488083,5.2216997,2.0673416,0.79900914,25,649
c12e,1692607555488389,5.2247963,2.0631096,0.7922619,24,659
c12e,1692607556489116,5.2252703,2.060657,0.78860974,24,669
c12e,1692607557489004,5.228056,2.0605719,0.77963597,22,679
c12e,1692607558488333,5.2293167,2.0605981,0.78577518,26,689
c12e,1692607559488473,5.202354,2.0624516,0.78475773,22,699
c12e,1692607560489104,5.2006235,2.0637286,0.78989768,25,709
c12e,1692607561488127,5.2288141,2.0633578,0.79076177,26,719
c12e,1692607562488192,5.2363234,2.0552177,0.79239821,26,729
c12e,1692607563488136,5.22437,2.0580878,0.772741,19,739
c12e,1692607564488141,5.2298164,2.0656157,0.7754339,24,749
c12e,1692607565488129,5.2298036,2.070523,0.77924174,24,759
c12e,1692607566489558,5.2368712,2.0602467,0.77499062,23,769
c12e,1692607567490675,5.2275367,2.063067,0.77745944,24,779
c12e,1692607568488188,5.221036,2.0652821,0.77724212,23,789
c12e,1692607569488601,5.2360635,2.0612996,0.79036123,28,799
c12e,1692607570488252,5.2415032,2.0510902,0.80096048,28,809
c12e,1692607571489536,5.2344885,2.0536623,0.80089504,25,819
c12e,1692607572488234,5.2312388,2.044035,0.81075537,28,829
c12e,1692607573488189,5.2468095,2.0495553,0.80433279,25,839
c12e,1692607574488208,5.2556477,2.0650148,0.79781711,24,849
c12e,1692607575488175,5.2503157,2.0629349,0.80425048,27,859
c12e,1692607576489543,5.2411461,2.069371,0.8008222,24,869
c12e,1692607577488174,5.2380953,2.0723095,0.79046756,22,879
c12e,1692607578488287,5.221787,2.07014,0.78764397,23,889
c12e,1692607579488649,5.220737,2.0689344,0.78581893,24,899
c12e,1692607580488236,5.1987872,2.0629134,0.79454321,25,909
c12e,1692607581488225,5.1999474,2.059999,0.78866482,23,919
c12e,1692607582488512,5.20479,2.0590441,0.78733373,24,929
c12e,1692607583489196,5.2094097,2.057719,0.78315496,23,939
c12e,1692607584488298,5.1982927,2.0580254,0.79150784,25,949
c12e,1692607585488270,5.1990442,2.0509963,0.78916234,24,959
c12e,1692607586489152,5.2091956,2.0516229,0.78365922,23,969
c12e,1692607587488586,5.2178979,2.0628839,0.79772884,28,979
c12e,1692607588488385,5.2204614,2.066314,0.79493248,24,989
c12e,1692607589488272,5.22335,2.0727556,0.78994864,23,999
c12e,1692607590488309,5.2141557,2.0708025,0.79330641,25,1009
c12e,1692607591488392,5.2345557,2.0601397,0.80448872,29,1019
c12e,1692607592490242,5.234354,2.0546012,0.81505209,29,1029
c12e,1692607593489351,5.222857,2.0557008,0.81193489,25,1039
c12e,1692607594493858,5.2183619,2.0640943,0.805138,24,1049
c12e,1692607595488301,5.2159719,2.0637023,0.81328291,27,1059
c12e,1692607596488334,5.2156219,2.0665367,0.815237,26,1069
c12e,1692607597488392,5.2070646,2.0596364,0.80926561,24,1079
c12e,1692607598488634,5.2102547,2.056705,0.81452382,27,1089
c12e,1692607599489185,5.2093034,2.0476358,0.8089568,25,1099
c12e,1692607600488904,5.2151594,2.0538085,0.795266,22,1109
c12e,1692607601488313,5.20983,2.051434,0.795565,25,1119
c12e,1692607602488572,5.1924291,2.0535061,0.8005383,25,1129
c12e,1692607603488658,5.1981645,2.0547788,0.79944193,25,1139
c12e,1692607604489192,5.2045979,2.0532403,0.80294573,26,1149
c12e,1692607605488392,5.2022376,2.0456111,0.80592805,26,1159
c12e,1692607606488383,5.2092419,2.0595267,0.79747206,23,1169
c12e,1692607607489496,5.2073393,2.0634253,0.79131955,23,1179
c12e,1692607608489106,5.2009425,2.0641363,0.78874344,23,1189
c12e,1692607609488778,5.2248678,2.0697348,0.78898168,25,1199
c12e,1692607610488396,5.2236834,2.0682392,0.77985829,22,1209
c12e,1692607611490582,5.2426715,2.0656214,0.77786779,24,1219
c12e,1692607612488460,5.218956,2.060842,0.7776351,23,1229
c12e,1692607613488449,5.2196236,2.0613198,0.78990686,27,1239
c12e,1692607614489170,5.2112746,2.047358,0.79451257,25,1249
c12e,1692607615488450,5.2382364,2.0526402,0.79214054,25,1259
c12e,1692607616488454,5.2381268,2.0543511,0.78607309,23,1269
c12e,1692607617488465,5.2167244,2.05338,0.79342091,25,1279
c12e,1692607618489463,5.227448,2.0540316,0.78687167,24,1289
c12e,1692607619488574,5.2394681,2.0588386,0.79619181,27,1299
c12e,1692607620489493,5.2138047,2.0534227,0.7949692,23,1309
c12e,1692607621491778,5.1958117,2.0419743,0.79136497,23,1319
c12e,1692607622488514,5.2152448,2.0437479,0.80330563,28,1329
c12e,1692607623488548,5.2022352,2.05346,0.80710292,25,1339
c12e,1692607624488590,5.2021737,2.0494132,0.79312372,22,1349
c12e,1692607625488510,5.20205,2.0446193,0.80527282,28,1359
c12e,1692607626489418,5.1984057,2.0450358,0.79369277,22,1369
c12e,1692607627488939,5.1961894,2.0499315,0.78321004,22,1379
c12e,1692607628488865,5.1992583,2.0515337,0.78385824,51,1389
c12e,1692607629488581,5.1878095,2.0526419,0.77894819,22,1399
c12e,1692607630488656,5.1990838,2.0530765,0.78715962,26,1409
c12e,1692607631492311,5.1950116,2.053,0.7932598,25,1419
c12e,1692607632488816,5.1991072,2.0497909,0.7979148,26,1429
c12e,1692607633488589,5.2073183,2.0543094,0.793756,24,1439
c12e,1692607634488589,5.2016582,2.0532279,0.79705566,25,9
c12e,1692607635488846,5.2054749,2.0559394,0.79879552,25,19
c12e,1692607636488592,5.2089419,2.0612485,0.79426646,24,29
c12e,1692607637489026,5.223031,2.0503349,0.8024866,28,39
c12e,1692607638488984,5.2119546,2.0543861,0.81021696,27,49
c12e,1692607639488647,5.2192693,2.0555463,0.80139387,24,59
c12e,1692607640488618,5.236207,2.0571079,0.80440837,27,69
c12e,1692607641489815,5.2440434,2.0548265,0.8044067,26,79
c12e,1692607642489811,5.2406077,2.055917,0.79760867,24,89
c12e,1692607643488777,5.2451549,2.0436618,0.799233,26,99
c12e,1692607644488890,5.2451048,2.0558369,0.79056942,23,109
c12e,1692607645488695,5.2244473,2.057333,0.78347689,22,119
c12e,1692607646488732,5.2202482,2.0552163,0.79190844,26,129
c12e,1692607647488672,5.2261982,2.0626686,0.77826142,21,139
c12e,1692607648489244,5.2460241,2.060915,0.78618771,27,149
c12e,1692607649488780,5.2454014,2.0682118,0.77792114,22,159
c12e,1692607650489568,5.2461419,2.0575919,0.779299,25,169
c12e,1692607651488812,5.2324505,2.0546875,0.79072177,26,179
c12e,1692607652488764,5.217186,2.0487761,0.80340147,27,189
c12e,1692607653491424,5.2301936,2.0515158,0.80373538,26,199
c12e,1692607654488746,5.2174926,2.0409586,0.80040318,24,209
c12e,1692607655488980,5.2146,2.0452006,0.80383754,26,219
c12e,1692607656488703,5.2114196,2.0461185,0.79277432,22,229
c12e,1692607657488812,5.2126379,2.0519309,0.78493166,23,239
c12e,1692607658489465,5.2267346,2.0523105,0.79178035,27,249
c12e,1692607659490822,5.2379017,2.0595832,0.77777791,21,259
c12e,1692607660488770,5.2569103,2.0573983,0.77953768,25,269
c12e,1692607661488799,5.2649956,2.0593812,0.78500992,26,279
c12e,1692607662488763,5.2324758,2.0594869,0.79300523,25,289
c12e,1692607663488766,5.2217174,2.0599697,0.78362042,22,299
c12e,1692607664493082,5.2115645,2.0523567,0.78841573,25,309
c12e,1692607665488881,5.1923065,2.0510705,0.799424,26,319
c12e,1692607666488836,5.1943145,2.0512335,0.80534345,26,329
c12e,1692607667489015,5.2048068,2.0519078,0.80875415,27,339
c12e,1692607668488835,5.207087,2.0582449,0.8020395,24,349
c12e,1692607669488819,5.2144046,2.0534871,0.79038584,23,359
c12e,1692607670490310,5.2099638,2.0539455,0.78114241,22,369
c12e,1692607671489095,5.2153883,2.0550482,0.78399277,25,379
c12e,1692607672488913,5.2276187,2.04299,0.78875291,26,389
c12e,1692607673488840,5.228456,2.0525255,0.79402709,26,399
c12e,1692607674488931,5.2230411,2.0610204,0.79057163,23,409
c12e,1692607675492410,5.224824,2.0545313,0.78886664,24,419
c12e,1692607676489752,5.2294936,2.0521035,0.79688394,27,429
c12e,1692607677488779,5.2215762,2.05925,0.79314482,23,439
c12e,1692607678489641,5.2093706,2.0558758,0.78940189,23,449
c12e,1692607679488831,5.2215962,2.0568805,0.79376614,26,459
c12e,1692607680488959,5.2128849,2.056035,0.79401481,24,469
c12e,1692607681489940,5.2271967,2.0580583,0.78985649,24,479
c12e,1692607682488912,5.2138076,2.0537252,0.79770184,26,489
c12e,1692607683488914,5.2008395,2.0583165,0.79686064,24,499
c12e,1692607684488888,5.2026739,2.0554545,0.796932,25,509
c12e,1692607685491840,5.2043977,2.0531118,0.80085421,26,519
c12e,1692607686489748,5.2141743,2.0510387,0.80587459,27,529
c12e,1692607687489318,5.2017784,2.0542846,0.81265432,26,539
c12e,1692607688489858,5.1975751,2.0555773,0.80837744,24,549
c12e,1692607689488966,5.2235932,2.066927,0.80471539,25,559
c12e,1692607690488941,5.2102528,2.060482,0.80707777,25,569
c12e,1692607691490000,5.2309966,2.0571489,0.79260516,23,579
c12e,1692607692489383,5.2291617,2.0594823,0.78339261,22,589
c12e,1692607693489577,5.2271895,2.0535004,0.78201395,24,599
c12e,1692607694489254,5.2165985,2.0497553,0.78610313,25,609
c12e,1692607695489055,5.2194757,2.0571573,0.80015242,28,619
c12e,1692607696488990,5.233036,2.0603693,0.79438233,24,629
c12e,1692607697490300,5.212584,2.0596759,0.79388463,24,639
c12e,1692607698489154,5.2066927,2.0606043,0.78919923,23,649
c12e,1692607699489633,5.205565,2.0621061,0.79678106,26,659
c12e,1692607700489066,5.2086778,2.061625,0.78867513,23,669
c12e,1692607701489050,5.2213163,2.0570548,0.78705227,25,679
c12e,1692607702489075,5.204349,2.0596733,0.78347117,22,689
c12e,1692607703491896,5.2182636,2.0619364,0.77570981,23,699
c12e,1692607704488981,5.2299666,2.0552404,0.78878993,28,709
c12e,1692607705489067,5.2333093,2.0623484,0.78170842,23,719
c12e,1692607706489030,5.2473717,2.0586767,0.78637815,26,729
c12e,1692607707489971,5.2469215,2.0553002,0.79292697,26,739
c12e,1692607708489032,5.2254086,2.0629265,0.78572756,22,749
c12e,1692607709490051,5.23484,2.0679269,0.78037107,23,759
c12e,1692607710489020,5.233099,2.0624938,0.78541952,25,769
c12e,1692607711489038,5.2223568,2.0556955,0.78927612,25,779
c12e,1692607712489027,5.2058496,2.0509024,0.7904045,24,789
c12e,1692607713489824,5.2155523,2.0588629,0.78671879,24,799
c12e,1692607714490560,5.2001467,2.0592363,0.77434421,20,809
c12e,1692607715489486,5.19131,2.0474296,0.78230476,25,819
c12e,1692607716489126,5.1965427,2.0638349,0.79377496,26,829
c12e,1692607717489195,5.1872954,2.0662696,0.80105805,26,839
c12e,1692607718489150,5.1898847,2.0557075,0.79646736,24,849
c12e,1692607719489193,5.190609,2.0562239,0.78887731,23,859
c12e,1692607720489218,5.1928334,2.0511372,0.78737086,24,869
c12e,1692607721490234,5.213757,2.0577879,0.78967249,25,879
c12e,1692607722490889,5.204401,2.0680547,0.78935987,23,889
c12e,1692607723489204,5.2057652,2.0649211,0.79231673,25,899
c12e,1692607724489464,5.2173285,2.0701373,0.79963154,27,909
c12e,1692607725489361,5.2245159,2.0686519,0.78267497,21,919
c12e,1692607726489182,5.2240119,2.0586278,0.78721589,25,929
c12e,1692607727489192,5.2250071,2.0466604,0.79011112,25,939
c12e,1692607728490176,5.2194934,2.0483096,0.79029316,24,949
c12e,1692607729489232,5.2263575,2.0540826,0.79715711,27,959
c12e,1692607730490326,5.2236714,2.0523469,0.79476446,24,969
c12e,1692607731489474,5.220892,2.0588002,0.78773916,23,979
c12e,1692607732489206,5.2001233,2.0622501,0.80411655,27,989
c12e,1692607733489205,5.1836596,2.0532918,0.81195325,26,999
c12e,1692607734490092,5.1966586,2.0539534,0.8039155,24,1009
c12e,1692607735490168,5.1960263,2.0539107,0.79921269,24,1019
c12e,1692607736489250,5.2063208,2.0557928,0.79631478,25,1029
c12e,1692607737489237,5.2133379,2.0621059,0.78680056,22,1039
c12e,1692607738489266,5.2076626,2.0682659,0.78611213,23,1049
c12e,1692607739489674,5.2135668,2.06264,0.7915116,26,1059
c12e,1692607740490157,5.2012162,2.063822,0.78610748,22,1069
c12e,1692607741489314,5.2125487,2.0731249,0.78176141,23,1079
c12e,1692607742489274,5.2303452,2.0749247,0.77353871,22,1089
c12e,1692607743489262,5.2262797,2.0718446,0.77441865,24,1099
c12e,1692607744489272,5.2227097,2.0641992,0.77783632,24,1109
c12e,1692607745489744,5.232244,2.0671804,0.77833933,24,1119
c12e,1692607746489380,5.237267,2.0614624,0.790518,27,1129
c12e,1692607747490758,5.2171431,2.0620646,0.78873485,23,1139
c12e,1692607748489392,5.2054868,2.0591943,0.79222012,25,1149
c12e,1692607749489653,5.1788435,2.0483484,0.80156863,25,1159
c12e,1692607750489476,5.1985474,2.0570133,0.79251307,23,1169
c12e,1692607751489340,5.1977444,2.0588589,0.79666406,25,1179
c12e,1692607752489422,5.2032666,2.0674453,0.78803664,22,1189
c12e,1692607753489401,5.2070189,2.0590491,0.77883756,22,1199
c12e,1692607754489383,5.2088819,2.0631287,0.77467239,22,1209
c12e,1692607755489685,5.1969671,2.0525405,0.78388852,25,1219
c12e,1692607756489379,5.2109766,2.0559764,0.78801292,26,1229
c12e,1692607757489378,5.2122817,2.0585258,0.782288,23,1239
c12e,1692607758490898,5.2041807,2.0611598,0.78311056,24,1249
c12e,1692607759489410,5.210897,2.0609438,0.79046667,26,1259
c12e,1692607760489404,5.192028,2.0617564,0.790171,23,1269
c12e,1692607761489465,5.1957855,2.0642068,0.80129242,27,1279
c12e,1692607762490426,5.2077389,2.0601418,0.8052454,27,1289
c12e,1692607763490798,5.2006288,2.0576222,0.8060143,25,1299
c12e,1692607764489456,5.1958127,2.0566115,0.80353808,24,1309
c12e,1692607765489645,5.2020078,2.0607328,0.80259925,25,1319
c12e,1692607766491643,5.2242804,2.0596168,0.80308157,26,1329
c12e,1692607767490334,5.2182231,2.0552979,0.81098258,27,1339
c12e,1692607768489848,5.2267551,2.0577796,0.79955745,23,1349
c12e,1692607769490892,5.2163076,2.0581985,0.79855484,24,1359
c12e,1692607770489505,5.4356241,2.0580163,0.81168723,45,1369
c12e,1692607771490614,5.3653545,2.0570076,0.80955523,24,1379
c12e,1692607772489557,5.3338561,2.0537586,0.8017602,24,1389
c12e,1692607773489578,5.3047647,2.0558546,0.79734331,24,1399
c12e,1692607774489724,5.2882304,2.0698988,0.79468179,24,1409
c12e,1692607775489915,5.2768235,2.0752535,0.80397928,27,1419
c12e,1692607776490921,5.2653332,2.061785,0.791903,23,1429
c12e,1692607777490474,5.2738328,2.0652297,0.78717476,24,1439
c12e,1692607778490140,5.2610235,2.056843,0.78963733,25,9
c12e,1692607779490574,5.2704797,2.0575609,0.79013449,26,19
c12e,1692607780490052,5.2609634,2.0491309,0.78437728,23,29
c12e,1692607781489796,5.2467384,2.0470443,0.77311558,21,39
c12e,1692607782489688,5.2414494,2.0512011,0.767665,22,49
c12e,1692607783489627,5.220315,2.0493846,0.76640528,22,59
c12e,1692607784489582,5.2201252,2.0415237,0.78604013,28,69
c12e,1692607785489622,5.201086,2.0454693,0.79010618,24,79
c12e,1692607786490990,5.1989856,2.04775,0.78504044,23,89
c12e,1692607787489574,5.1816196,2.047132,0.79221231,25,99
c12e,1692607788490578,5.2081208,2.0487435,0.79442048,26,109
c12e,1692607789490622,5.1988411,2.053165,0.79175091,23,119
c12e,1692607790489750,5.183146,2.0486345,0.80366927,26,129
c12e,1692607791491408,5.1916838,2.0504284,0.80065721,25,139
c12e,1692607792489726,5.1950917,2.0579729,0.80839992,27,149
c12e,1692607793489718,5.1834288,2.0507231,0.81518465,26,159
c12e,1692607794489684,5.1915355,2.0566609,0.80573344,23,169
c12e,1692607795492206,5.1911192,2.0534003,0.807615,26,179
c12e,1692607796489694,5.1956887,2.0552044,0.81007534,26,189
c12e,1692607797490086,5.2020335,2.0583467,0.8183558,28,199
c12e,1692607798490390,5.2027154,2.0555851,0.811288,24,209
c12e,1692607799489771,5.2230959,2.0551956,0.80691743,26,219
c12e,1692607800490781,5.2083416,2.0611176,0.79980439,23,229
c12e,1692607801489969,5.2083864,2.0651722,0.79563636,24,239
c12e,1692607802491608,5.2052021,2.062912,0.79589814,25,249
c12e,1692607803489830,5.2090764,2.0513768,0.79709303,25,259
c12e,1692607804492704,5.2153873,2.0527065,0.80370742,27,269
c12e,1692607805489847,5.2200232,2.0565329,0.81085193,27,279
c12e,1692607806489760,5.2246633,2.0523398,0.80959582,26,289
c12e,1692607807489761,5.2164764,2.0465939,0.80722332,25,299
c12e,1692607808490324,5.2190204,2.0474837,0.81564581,28,309
c12e,1692607809489764,5.2269721,2.0512974,0.81485224,26,319
c12e,1692607810490019,5.2372618,2.0552006,0.806593,25,329
c12e,1692607811490094,5.2503557,2.0608997,0.80155474,25,339
c12e,1692607812489792,5.2357268,2.0485759,0.80098581,25,349
c12e,1692607813490857,5.2292929,2.054328,0.78185403,20,359
c12e,1692607814489819,5.237905,2.0556996,0.78783733,26,369
c12e,1692607815489836,5.2473607,2.0585806,0.78404152,24,379
c12e,1692607816490302,5.2517052,2.0607812,0.7817024,24,389
c12e,1692607817490012,5.2389836,2.0624557,0.7872805,25,399
c12e,1692607818490862,5.2305303,2.0536892,0.78280276,23,409
c12e,1692607819490184,5.2300086,2.0618131,0.78094429,23,419
c12e,1692607820489943,5.2198396,2.0621684,0.79433477,27,429
c12e,1692607821490912,5.2122855,2.0647981,0.80149627,26,439
c12e,1692607822490802,5.2109857,2.0613077,0.81048787,27,449
c12e,1692607823490766,5.2101483,2.0650661,0.79494,21,459
c12e,1692607824490628,5.2102213,2.0674381,0.7908566,23,469
c12e,1692607825489854,5.2214065,2.0724797,0.79052627,25,479
c12e,1692607826489922,5.2132068,2.0718431,0.77043056,19,489
c12e,1692607827490244,5.2228723,2.0662262,0.77381015,25,499
c12e,1692607828490073,5.2155194,2.0716817,0.7831229,25,509
c12e,1692607829490108,5.1938515,2.0546439,0.79230857,25,519
c12e,1692607830490594,5.2124252,2.0516925,0.79130352,25,529
c12e,1692607831489825,5.2067003,2.0561519,0.80018049,26,539
c12e,1692607832490752,5.1931787,2.0555184,0.80304193,25,549
c12e,1692607833489917,5.2135339,2.0625558,0.80160695,25,559
c12e,1692607834490024,5.2155385,2.0537038,0.79262942,23,569
c12e,1692607835489957,5.2223182,2.0556176,0.79109311,25,579
c12e,1692607836491486,5.2134304,2.0595353,0.79227239,24,589
c12e,1692607837490009,5.2286744,2.0639822,0.7954067,26,599
c12e,1692607838489848,5.2239084,2.0550871,0.79947895,26,609
c12e,1692607839490434,5.2138615,2.050612,0.79042417,22,619
c12e,1692607840490379,5.2111831,2.0528564,0.78864348,24,629
c12e,1692607841490860,5.2210217,2.0529728,0.79746264,27,639
c12e,1692607842490002,5.2253795,2.054903,0.78425121,22,649
c12e,1692607843490191,5.2203031,2.0472383,0.7814734,23,659
c12e,1692607844489954,5.2228494,2.0420976,0.77899063,24,669
c12e,1692607845490122,5.2329926,2.048636,0.77411145,23,679
c12e,1692607846490240,5.2387328,2.0542583,0.77181739,23,689
c12e,1692607847491452,5.2190394,2.0512962,0.77714592,24,699
c12e,1692607848490446,5.22407,2.0531349,0.77864337,24,709
c12e,1692607849490093,5.2203736,2.049027,0.79002053,27,719
c12e,1692607850491393,5.2268167,2.0527854,0.78997725,25,729
c12e,1692607851490330,5.2044439,2.0557332,0.78770494,23,739
c12e,1692607852490084,5.2003722,2.0594022,0.7935915,25,749
c12e,1692607853490676,5.2040734,2.0576239,0.79612756,25,759
c12e,1692607854490092,5.2125292,2.0588841,0.78813416,23,769
c12e,1692607855490110,5.2102323,2.0606499,0.78505194,23,779
c12e,1692607856490314,5.2377038,2.0561025,0.78173125,25,789
c12e,1692607857490070,5.2503529,2.0610077,0.78000945,24,799
c12e,1692607858491426,5.2448268,2.0657036,0.78070915,24,809
c12e,1692607859491416,5.2258573,2.0649941,0.78450167,24,819
c12e,1692607860490576,5.2224145,2.0553975,0.78422517,24,829
c12e,1692607861490234,5.2228971,2.0637999,0.770701,20,839
c12e,1692607862490682,5.2374325,2.0630493,0.77280414,25,849
c12e,1692607863490933,5.2230721,2.0629222,0.79286253,28,859
c12e,1692607864491162,5.2390995,2.0610881,0.7852037,24,869
c12e,1692607865490405,5.2425404,2.0608349,0.77625954,22,879
c12e,1692607866491330,5.2293591,2.0653811,0.78603292,25,889
c12e,1692607867490251,5.2330785,2.0605242,0.788795,25,899
c12e,1692607868490138,5.2264957,2.0617628,0.78729934,24,909
c12e,1692607869490193,5.2256165,2.0573854,0.78594291,24,919
c12e,1692607870490141,5.2220845,2.053863,0.79147059,26,929
c12e,1692607871490380,5.2200842,2.0560486,0.78786761,24,939
c12e,1692607872490786,5.2421222,2.0607846,0.78572518,25,949
c12e,1692607873491267,5.2207847,2.0615563,0.78514028,23,959
c12e,1692607874490253,5.215065,2.0582089,0.78286839,23,969
c12e,1692607875490309,5.2198715,2.0518711,0.79472125,27,979
c12e,1692607876490639,5.2215567,2.056685,0.79071957,24,989
c12e,1692607877490320,5.219914,2.0540147,0.79588008,26,999
c12e,1692607878490515,5.2223663,2.0505762,0.796872,25,1009
c12e,1692607879490604,5.2234035,2.0549185,0.79326695,24,1019
c12e,1692607880490165,5.2166638,2.053427,0.78516316,22,1029
c12e,1692607881490230,5.2149439,2.0583847,0.78943646,25,1039
c12e,1692607882490222,5.2174945,2.0609918,0.78387827,23,1049
c12e,1692607883490312,5.2032156,2.0631883,0.78360546,23,1059
c12e,1692607884490559,5.18497,2.0623305,0.80754334,29,1069
c12e,1692607885490349,5.1835079,2.0698614,0.79177582,21,1079
c12e,1692607886490821,5.1867428,2.0609422,0.78287685,22,1089
c12e,1692607887490684,5.1963267,2.062063,0.79468191,27,1099
c12e,1692607888490286,5.2004132,2.0608013,0.80312616,27,1109
c12e,1692607889490209,5.2066274,2.0635314,0.80795538,27,1119
c12e,1692607890490657,5.2040963,2.06437,0.79643631,22,1129
c12e,1692607891490337,5.202775,2.0650487,0.80042881,26,1139
c12e,1692607892490723,5.1701031,2.0650768,0.80254751,23,1149
c12e,1692607893492634,5.1799026,2.0631754,0.80723155,26,1159
c12e,1692607894490380,5.1855454,2.0567641,0.80789089,26,1169
c12e,1692607895490472,5.1897454,2.0555947,0.80958354,26,1179
c12e,1692607896490443,5.1853004,2.0541425,0.81173116,26,1189
c12e,1692607897491239,5.1862373,2.0490923,0.8002221,23,1199
c12e,1692607898492009,5.1869326,2.0526667,0.79395235,23,1209
c12e,1692607899491314,5.1843133,2.0495253,0.78774118,23,1219
c12e,1692607900493693,5.1935534,2.0460324,0.7852754,24,1229
c12e,1692607901490498,5.2124214,2.0478868,0.7920382,27,1239
c12e,1692607902490621,5.2110763,2.0546753,0.78693056,23,1249
c12e,1692607903491108,5.2196522,2.0567114,0.79359692,26,1259
c12e,1692607904490411,5.2076664,2.0489964,0.80144489,26,1269
c12e,1692607905491025,5.2208071,2.0608544,0.81022543,28,1279
c12e,1692607906490444,5.2205081,2.0620673,0.80069715,23,1289
c12e,1692607907490367,5.2138433,2.0620708,0.79988921,25,1299
c12e,1692607908491580,5.24068,2.0608866,0.806766,28,1309
c12e,1692607909490437,5.2391138,2.0606236,0.81000555,27,1319
c12e,1692607910490447,5.2299218,2.0584891,0.81116951,26,1329
c12e,1692607911490867,5.2324271,2.0595918,0.8120625,26,1339
c12e,1692607912490683,5.2258387,2.0555379,0.81137782,26,1349
c12e,1692607913491966,5.2075949,2.0537682,0.80737746,24,1359
c12e,1692607914490521,5.1952033,2.0508435,0.80592084,24,1369
c12e,1692607915490717,5.1995597,2.057579,0.81086892,27,1379
c12e,1692607916490520,5.19804,2.0595305,0.79201829,21,1389
c12e,1692607917490550,5.1963396,2.0597668,0.80147594,27,1399
c12e,1692607918490428,5.1860676,2.0642636,0.81527436,28,1409
c12e,1692607919490794,5.1967621,2.0676775,0.80222929,23,1419
c12e,1692607920490491,5.2100458,2.0638006,0.7987749,25,1429
c12e,1692607921491037,5.2205496,2.0617747,0.79319406,24,1439
c12e,1692607922491212,5.2145886,2.0622163,0.80106241,26,9
c12e,1692607923491336,5.2181258,2.0706172,0.79186881,23,19
c12e,1692607924490531,5.2184062,2.07146,0.79000545,24,29
c12e,1692607925490530,5.2105269,2.0640965,0.78905743,24,39
c12e,1692607926490848,5.2154927,2.0636239,0.79997426,27,49
c12e,1692607927490716,5.2137775,2.0544677,0.79407257,24,59
c12e,1692607928491483,5.2025638,2.0492353,0.79214531,24,69
c12e,1692607929491290,5.2027311,2.048157,0.78874373,24,79
c12e,1692607930502180,5.20648,2.0487816,0.78544807,24,89
c12e,1692607931490506,5.2005243,2.0566797,0.77478945,21,99
c12e,1692607932491673,5.1988792,2.0588226,0.77951342,24,109
c12e,1692607933490563,5.1996775,2.0579271,0.77267307,22,119
c12e,1692607934490550,5.2145691,2.0663655,0.77187556,23,129
c12e,1692607935490571,5.20996,2.0677762,0.77337372,23,139
c12e,1692607936491602,5.1963744,2.0573556,0.7873683,26,149
c12e,1692607937490554,5.2151113,2.0580454,0.78964865,26,159
c12e,1692607938491676,5.2139039,2.0561285,0.78849906,24,169
c12e,1692607939490626,5.2165227,2.0581918,0.78999352,25,179
c12e,1692607940490555,5.2312512,2.0580723,0.788456,25,189
c12e,1692607941490537,5.2205005,2.0530808,0.79269707,25,199
c12e,1692607942490654,5.2130823,2.0504825,0.78692949,23,209
c12e,1692607943490765,5.2154255,2.0494432,0.80567336,29,219
c12e,1692607944490710,5.2096291,2.0512278,0.80166787,24,229
c12e,1692607945490696,5.2100229,2.0468996,0.80614203,26,239
c12e,1692607946490781,5.2220244,2.053056,0.79381311,23,249
c12e,1692607947491374,5.2284789,2.0587602,0.7929135,25,259
c12e,1692607948490610,5.2314086,2.0569422,0.78158224,22,269
c12e,1692607949490608,5.2234287,2.0650454,0.78269106,24,279
c12e,1692607950490622,5.2079492,2.0672791,0.79062092,25,289
c12e,1692607951491450,5.2102118,2.0725002,0.79236758,25,299
c12e,1692607952490745,5.2054162,2.0792761,0.7865746,22,309
c12e,1692607953490693,5.2215791,2.0777919,0.79622835,27,319
c12e,1692607954490745,5.2250409,2.0707514,0.80891812,28,329
c12e,1692607955490716,5.2288575,2.0659444,0.80821228,26,339
c12e,1692607956491030,5.2396049,2.056416,0.80384994,25,349
c12e,1692607957491126,5.2268615,2.054987,0.80043679,24,359
c12e,1692607958491810,5.2114635,2.0627918,0.801887,24,369
c12e,1692607959491986,5.1978188,2.0675316,0.79753441,23,379
c12e,1692607960491169,5.2149,2.0560672,0.79800153,26,389
c12e,1692607961490991,5.2319145,2.0557618,0.79311109,25,399
c12e,1692607962490741,5.2354379,2.051043,0.79487914,26,409
c12e,1692607963491576,5.2346883,2.0592403,0.7868377,23,419
c12e,1692607964490880,5.2410979,2.0693297,0.798319,27,429
c12e,1692607965496919,5.2223115,2.0644445,0.7888906,22,439
c12e,1692607966490945,5.2279353,2.0593431,0.800821,28,449
c12e,1692607967490818,5.220386,2.0594249,0.79676086,24,459
c12e,1692607968492712,5.2226377,2.0687227,0.79741108,25,469
c12e,1692607969491148,5.217751,2.0575271,0.79341143,24,479
c12e,1692607970491236,5.2255473,2.0595684,0.78461796,23,489
c12e,1692607971491060,5.229332,2.0615482,0.77077448,21,499
c12e,1692607972490916,5.236424,2.0564394,0.78552949,28,509
c12e,1692607973490957,5.2228565,2.0547163,0.77828228,22,519
c12e,1692607974492082,5.2307858,2.0597599,0.78484493,26,529
c12e,1692607975491016,5.2332149,2.0592749,0.78826195,25,539
c12e,1692607976490876,5.2264576,2.0516558,0.79234117,25,549
c12e,1692607977490887,5.2229166,2.0611494,0.78806877,23,559
c12e,1692607978490936,5.2097187,2.0675058,0.77762777,21,569
c12e,1692607979491756,5.2109404,2.0590062,0.78990656,27,579
c12e,1692607980491890,5.2240996,2.0463414,0.78345442,24,589
c12e,1692607981490847,5.2251348,2.044225,0.78464943,25,599
c12e,1692607982491138,5.2143955,2.057416,0.78030556,22,609
c12e,1692607983490970,5.2208247,2.0461724,0.77260327,22,619
c12e,1692607984490950,5.2097631,2.0491331,0.77197194,23,629
c12e,1692607985491876,5.2004504,2.0430324,0.77424496,23,639
c12e,1692607986491805,5.2148924,2.0532513,0.78079224,25,649
c12e,1692607987490867,5.2216721,2.05576,0.78719568,26,659
c12e,1692607988490898,5.2289295,2.0506897,0.78138888,23,669
c12e,1692607989490862,5.2278161,2.0549052,0.7837199,25,679
c12e,1692607990491134,5.2465014,2.0515752,0.7872597,26,689
c12e,1692607991490992,5.2511997,2.0557837,0.79292959,26,699
c12e,1692607992491181,5.2467065,2.0525813,0.79549319,26,709
c12e,1692607993490973,5.2331386,2.0551677,0.79214978,24,719
c12e,1692607994491002,5.2176418,2.0522137,0.78579134,22,729
c12e,1692607995490969,5.199306,2.0595336,0.78828949,23,739
c12e,1692607996492006,5.181695,2.0633345,0.78229582,21,749
c12e,1692607997491064,5.1802726,2.0506935,0.78162426,23,759
c12e,1692607998494905,5.1746454,2.0498304,0.790678,25,769
c12e,1692607999490943,5.2019238,2.0513816,0.78178775,23,779
c12e,1692608000492240,5.2138982,2.0568118,0.78277308,24,789
c12e,1692608001492610,5.2190781,2.0547056,0.77518243,22,799
c12e,1692608002491068,5.2240396,2.0593448,0.77837867,24,809
c12e,1692608003495787,5.2410717,2.0604603,0.77715319,24,819
c12e,1692608004491096,5.229445,2.0582891,0.77420008,23,829
c12e,1692608005491128,5.2231331,2.060468,0.7834276,26,839
c12e,1692608006491222,5.2301478,2.0634727,0.77327073,22,849
c12e,1692608007491488,5.2024584,2.0629182,0.77938318,23,859
c12e,1692608008491271,5.2063489,2.0577598,0.77537686,23,869
c12e,1692608009491851,5.20551,2.0485215,0.777835,24,879
c12e,1692608010491046,5.1942697,2.0558095,0.7971701,28,889
c12e,1692608011491199,5.1990871,2.0579927,0.79710686,25,899
c12e,1692608012491084,5.1927824,2.0596738,0.8014679,25,909
c12e,1692608013491447,5.1953249,2.0580695,0.79881072,24,919
c12e,1692608014491324,5.2086792,2.058383,0.79052019,23,929
c12e,1692608015491987,5.2189355,2.0552554,0.79188073,25,939
c12e,1692608016491319,5.2045794,2.0599365,0.79751319,25,949
c12e,1692608017491205,5.2149229,2.0593872,0.79748005,25,959
c12e,1692608018491186,5.2013578,2.0578051,0.78767633,22,969
c12e,1692608019492655,5.193696,2.0539157,0.78833294,24,979
c12e,1692608020492024,5.1844492,2.0673923,0.79078621,24,989
c12e,1692608021491130,5.1874728,2.0635779,0.7823714,22,999
c12e,1692608022491156,5.1911674,2.05992,0.79140204,26,1009
c12e,1692608023491876,5.2042751,2.0569267,0.79782766,27,1019
c12e,1692608024491386,5.19576,2.0610483,0.80337894,26,1029
c12e,1692608025491988,5.2041707,2.0647912,0.78842378,21,1039
c12e,1692608026492058,5.2064157,2.0639617,0.77689618,21,1049
c12e,1692608027491470,5.2131906,2.061074,0.78062516,25,1059
c12e,1692608028491384,5.2067747,2.0655491,0.77666146,22,1069
c12e,1692608029491203,5.2300386,2.0651903,0.77361608,24,1079
c12e,1692608030491194,5.2296953,2.0555773,0.79002523,28,1089
c12e,1692608031491512,5.2034473,2.0598462,0.79371941,24,1099
c12e,1692608032491684,5.2141871,2.052022,0.79226035,25,1109
c12e,1692608033491330,5.2149997,2.0493121,0.79090953,24,1119
c12e,1692608034491596,5.2228241,2.0485604,0.7903868,25,1129
c12e,1692608035491553,5.203362,2.0502443,0.80328947,27,1139
c12e,1692608036491605,5.2046142,2.0509775,0.79986048,24,1149
c12e,1692608037491227,5.1976733,2.0467508,0.80892324,27,1159
c12e,1692608038491400,5.2019949,2.0569952,0.80817676,25,1169
c12e,1692608039491653,5.2156963,2.0692048,0.80177939,24,1179
c12e,1692608040492164,5.2034111,2.068006,0.80744886,26,1189
c12e,1692608041491847,5.1946764,2.0683534,0.78814185,20,1199
c12e,1692608042492337,5.1859069,2.0660214,0.7956093,25,1209
c12e,1692608043491390,5.1972251,2.0715125,0.78269625,21,1219
c12e,1692608044491749,5.20311,2.06304,0.78645587,25,1229
c12e,1692608045491315,5.2060561,2.0632017,0.7929374,26,1239
c12e,1692608046491660,5.1994872,2.0638714,0.79203856,24,1249
c12e,1692608047491316,5.2158976,2.0679402,0.78400034,23,1259
c12e,1692608048491345,5.2179618,2.0706942,0.78783894,25,1269
c12e,1692608049495657,5.2281365,2.0591609,0.79211223,26,1279
c12e,1692608050492543,5.2251024,2.0593221,0.78722495,23,1289
c12e,1692608051491440,5.2316804,2.0589066,0.78948593,25,1299
c12e,1692608052491384,5.2374859,2.0540063,0.77812642,22,1309
c12e,1692608053491598,5.2498035,2.0641279,0.77379978,23,1319
c12e,1692608054491441,5.2264347,2.0572267,0.77879721,24,1329
c12e,1692608055491900,5.2259212,2.0590155,0.78271717,25,1339
c12e,1692608056491695,5.2244163,2.0630834,0.777282,22,1349
c12e,1692608057491672,5.2018065,2.0701299,0.77983582,23,1359
c12e,1692608058491476,5.2020206,2.0732119,0.78501594,25,1369
c12e,1692608059491384,5.2127542,2.0779994,0.77990663,23,1379
c12e,1692608060491722,5.2095141,2.0698369,0.777817,23,1389
c12e,1692608061492279,5.2128205,2.0662906,0.79590815,28,1399
c12e,1692608062493416,5.21906,2.0645614,0.80366755,27,1409
c12e,1692608063491653,5.2177429,2.0616951,0.79983276,24,1419
c12e,1692608064491726,5.208406,2.0720198,0.79190809,22,1429
c12e,1692608065491457,5.2253137,2.0671587,0.78590077,24,1439
c12e,1692608066491948,5.2218895,2.0575485,0.79025334,25,9
c12e,1692608067492266,5.2383165,2.0633502,0.79040825,25,19
c12e,1692608068492590,5.2362638,2.060719,0.80388421,28,29
c12e,1692608069491398,5.2310348,2.0706677,0.80065048,24,39
c12e,1692608070492137,5.2304144,2.0700855,0.79404455,24,49
c12e,1692608071491519,5.2241464,2.0691481,0.7874257,23,59
c12e,1692608072491442,5.2341976,2.0655403,0.78798133,25,69
c12e,1692608073491663,5.2313061,2.0675309,0.78885627,24,79
c12e,1692608074492106,5.2398996,2.0709169,0.7903626,25,89
c12e,1692608075491464,5.2368183,2.0571942,0.79651731,26,99
c12e,1692608076491674,5.2293248,2.0600607,0.79215479,24,109
c12e,1692608077492732,5.2424278,2.0553296,0.79842561,27,119
c12e,1692608078491564,5.2400956,2.0566664,0.79986739,26,129
c12e,1692608079491560,5.2314095,2.0574634,0.80849338,27,139
c12e,1692608080491597,5.2193041,2.0578673,0.8073529,25,149
c12e,1692608081492484,5.2135553,2.0585265,0.79784596,23,159
c12e,1692608082491845,5.2267528,2.0568769,0.79468483,25,169
c12e,1692608083491584,5.2311959,2.0565097,0.79245394,25,179
c12e,1692608084491502,5.2261267,2.0485289,0.80213386,27,189
c12e,1692608085491596,5.221591,2.0465426,0.80279064,25,199
c12e,1692608086491640,5.2135506,2.062927,0.79276752,22,209
c12e,1692608087493115,5.1940475,2.0590553,0.78575164,22,219
c12e,1692608088491526,5.1857791,2.0507948,0.79628289,26,229
c12e,1692608089491588,5.19379,2.0515523,0.79016626,23,239
c12e,1692608090491576,5.1978168,2.0436764,0.79245788,25,249
c12e,1692608091491751,5.214613,2.0542724,0.79711473,26,259
c12e,1692608092492216,5.2182832,2.06406,0.79861349,25,269
c12e,1692608093491557,5.202723,2.0548213,0.80028069,25,279
c12e,1692608094492848,5.2001696,2.0495005,0.79337233,23,289
c12e,1692608095492448,5.2199926,2.0441418,0.79042029,25,299
c12e,1692608096492502,5.2195845,2.0496991,0.79674536,26,309
c12e,1692608097491694,5.2237535,2.0462868,0.78734672,23,319
c12e,1692608098491881,5.2266512,2.0515628,0.78760082,25,329
c12e,1692608099491656,5.2220035,2.0407352,0.79050577,25,339
c12e,1692608100491763,5.2191195,2.0379903,0.80479193,28,349
c12e,1692608101491856,5.2231336,2.038538,0.80326205,25,359
c12e,1692608102491720,5.2281671,2.0437543,0.79413384,23,369
c12e,1692608103492584,5.2366667,2.0456164,0.79601663,26,379
c12e,1692608104492750,5.2298079,2.0382066,0.80380172,27,389
c12e,1692608105491702,5.2451425,2.0503075,0.80050915,25,399
c12e,1692608106491748,5.2319555,2.0490015,0.79566032,24,409
c12e,1692608107491759,5.2153521,2.0525832,0.7939716,24,419
c12e,1692608108492581,5.2189207,2.0487194,0.79639292,26,429
c12e,1692608109495785,5.2205291,2.0606265,0.78662074,22,439
c12e,1692608110492982,5.2250071,2.0598311,0.79167074,26,449
c12e,1692608111493497,5.2144504,2.0499864,0.79522896,25,459
c12e,1692608112492628,5.2028832,2.04691,0.80305362,50,469
c12e,1692608113491744,5.2143745,2.0396411,0.80990648,28,479
c12e,1692608114492633,5.2085905,2.0448499,0.81489211,27,489
c12e,1692608115492685,5.2143826,2.0490174,0.80836374,25,499
c12e,1692608116492008,5.2070203,2.0435159,0.80373752,24,509
c12e,1692608117491921,5.2088828,2.042521,0.79283148,23,519
c12e,1692608118491856,5.2027249,2.0368345,0.79998529,26,529
c12e,1692608119492030,5.1843743,2.0324023,0.80010474,24,539
c12e,1692608120491835,5.1913705,2.0422435,0.79360229,23,549
c12e,1692608121492231,5.188015,2.0451887,0.79247856,24,559
c12e,1692608122491948,5.1881771,2.0392284,0.78955925,24,569
c12e,1692608123492918,5.205,2.0432332,0.78806043,25,579
c12e,1692608124496429,5.1937304,2.0343385,0.78300458,22,589
c12e,1692608125492824,5.1795321,2.03872,0.78626281,24,599
c12e,1692608126491846,5.1814575,2.0463839,0.78368175,23,609
c12e,1692608127492182,5.2001476,2.0564516,0.78899777,26,619
c12e,1692608128492124,5.2075582,2.0479743,0.79148525,25,629
c12e,1692608129491883,5.2043958,2.0558074,0.7824322,22,639
c12e,1692608130491923,5.2002277,2.0632064,0.77616817,22,649
c12e,1692608131492014,5.2176557,2.0618534,0.7783404,25,659
c12e,1692608132492280,5.2151575,2.0638123,0.7873615,26,669
c12e,1692608133491928,5.2170167,2.0557802,0.78977734,25,679
c12e,1692608134491898,5.2376719,2.0562773,0.78530711,24,689
c12e,1692608135492021,5.2219539,2.0618887,0.7829057,23,699
c12e,1692608136491882,5.2297654,2.0585616,0.78701526,26,709
c12e,1692608137492496,5.2277875,2.0575595,0.77912325,22,719
c12e,1692608138491872,5.19982,2.0606763,0.78516084,24,729
c12e,1692608139498399,5.2014942,2.0484238,0.80487359,29,739
c12e,1692608140492157,5.1928558,2.0555866,0.80594856,25,749
c12e,1692608141492546,5.1981,2.0654609,0.80023193,24,759
c12e,1692608142491975,5.206954,2.0621984,0.798127,25,769
c12e,1692608143492472,5.2108884,2.0553529,0.79690057,25,779
c12e,1692608144492012,5.2013087,2.0550408,0.79529619,24,789
c12e,1692608145492462,5.2086234,2.052438,0.80439883,27,799
c12e,1692608146492944,5.2072544,2.0542259,0.79912448,24,809
c12e,1692608147492000,5.2091885,2.0573807,0.80148846,26,819
c12e,1692608148492252,5.2089839,2.0563297,0.79850972,24,829
c12e,1692608149492358,5.2248197,2.0591714,0.79026687,24,839
c12e,1692608150491964,5.2137957,2.0486398,0.79725462,26,849
c12e,1692608151496184,5.1983476,2.0415452,0.8054592,26,859
c12e,1692608152492173,5.2054138,2.0489404,0.79877305,24,869
c12e,1692608153492687,5.2030649,2.0494497,0.79422259,24,879
c12e,1692608154492386,5.2046347,2.0538654,0.78346765,22,889
c12e,1692608155492098,5.1986561,2.052716,0.79356748,26,899
c12e,1692608156506720,5.1990886,2.048245,0.78013867,21,909
c12e,1692608157492023,5.2160859,2.0442777,0.7909826,27,919
c12e,1692608158492054,5.2160645,2.0481596,0.78637779,23,929
c12e,1692608159492068,5.2033195,2.0414629,0.78844583,24,939
c12e,1692608160492085,5.2030993,2.0279758,0.79224581,26,949
c12e,1692608161492116,5.2070875,2.0378897,0.79216409,25,959
c12e,1692608162492188,5.2135477,2.0435429,0.81021327,29,969
c12e,1692608163492906,5.2069073,2.0439482,0.80326796,24,979
c12e,1692608164492054,5.2098231,2.0459223,0.8051669,26,989
c12e,1692608165492485,5.2030096,2.0416429,0.80845416,26,999
c12e,1692608166492513,5.2087264,2.0495546,0.79141235,21,1009
c12e,1692608167492212,5.2105451,2.0521173,0.78670007,23,1019
c12e,1692608168492994,5.2015114,2.0482402,0.78532118,23,1029
c12e,1692608169493071,5.2248297,2.0600948,0.78566539,25,1039
c12e,1692608170492129,5.2438588,2.0669212,0.78261632,24,1049
c12e,1692608171492211,5.248436,2.0629914,0.78737849,26,1059
c12e,1692608172492122,5.2339377,2.0547612,0.786715,24,1069
c12e,1692608173494794,5.2405925,2.05772,0.78780085,25,1079
c12e,1692608174493193,5.2274356,2.0593121,0.79557121,26,1089
c12e,1692608175492274,5.222167,2.0576873,0.79615289,25,1099
c12e,1692608176492281,5.2076931,2.0525188,0.80803323,27,1109
c12e,1692608177492387,5.2070765,2.0507064,0.79859608,23,1119
c12e,1692608178492295,5.1941991,2.0409122,0.8051101,26,1129
c12e,1692608179493072,5.2078691,2.0538483,0.80553657,26,1139
c12e,1692608180492292,5.203866,2.0513773,0.80536288,25,1149
c12e,1692608181492703,5.1915994,2.0478482,0.79864091,23,1159
c12e,1692608182492563,5.1906424,2.0415113,0.80515331,26,1169
c12e,1692608183492274,5.1904955,2.0480433,0.80552524,25,1179
c12e,1692608184492250,5.2166896,2.049499,0.802118,26,1189
c12e,1692608185493325,5.20566,2.0506504,0.79920918,24,1199
c12e,1692608186492297,5.2077169,2.0520527,0.79554725,24,1209
c12e,1692608187492271,5.1929216,2.0470619,0.80456954,49,1219
c12e,1692608188493202,5.2141047,2.0445843,0.79803634,25,1229
c12e,1692608189492284,5.2193756,2.0547295,0.79590261,24,1239
c12e,1692608190492471,5.2353592,2.0625017,0.77378213,21,1249
c12e,1692608191492366,5.2236109,2.061626,0.78098243,25,1259
c12e,1692608192492437,5.2357121,2.0563514,0.79447734,28,1269
c12e,1692608193492309,5.2291527,2.0530014,0.79997146,26,1279
c12e,1692608194493765,5.2199392,2.0502324,0.79620141,51,1289
c12e,1692608195492355,5.2209177,2.0558963,0.78424692,22,1299
c12e,1692608196492592,5.2445517,2.0567908,0.78542668,26,1309
c12e,1692608197492597,5.2216105,2.0510385,0.78673267,24,1319
c12e,1692608198492586,5.236228,2.0456371,0.7942878,27,1329
c12e,1692608199494092,5.2443814,2.0527875,0.79811865,26,1339
c12e,1692608200493035,5.2312503,2.0505817,0.79979938,25,1349
c12e,1692608201492435,5.22382,2.0514529,0.7937327,23,1359
c12e,1692608202492407,5.2126274,2.0451097,0.79907155,26,1369
c12e,1692608203492388,5.2116785,2.0608439,0.79168344,23,1379
c12e,1692608204492756,5.2186294,2.070183,0.79802871,26,1389
c12e,1692608205493178,5.2238836,2.0712771,0.78964931,23,1399
c12e,1692608206493463,5.2217073,2.06653,0.79317093,25,1409
c12e,1692608207492422,5.2331448,2.0611098,0.79692888,26,1419
c12e,1692608208492659,5.2242956,2.0526223,0.79242289,24,1429
c12e,1692608209492451,5.225554,2.0516031,0.79737991,26,1439
c12e,1692608210493704,5.2314048,2.0498869,0.80298424,27,9
c12e,1692608211492522,5.2383447,2.0490544,0.81168723,28,19
c12e,1692608212493404,5.2266984,2.0514264,0.811178,25,29
c12e,1692608213492416,5.2351274,2.0604508,0.80549991,25,39
c12e,1692608214492610,5.2470927,2.0658844,0.79622591,24,49
c12e,1692608215492494,5.2602048,2.0630646,0.79107434,25,59
c12e,1692608216492548,5.2511683,2.0662436,0.79408664,25,69
c12e,1692608217493348,5.2404685,2.0629768,0.79295832,24,79
c12e,1692608218492492,5.2293758,2.0532653,0.80744272,28,89
c12e,1692608219493599,5.2293673,2.04689,0.80936891,26,99
c12e,1692608220493354,5.2216344,2.0539875,0.81326574,26,109
c12e,1692608221493923,5.237433,2.529741,0.6282993,89,119
c12e,1692608222493651,5.2367907,2.4102068,0.6730383,26,129
c12e,1692608223492627,5.2485456,2.3316097,0.70192832,25,139
c12e,1692608224492558,5.25412,2.273387,0.72521138,25,149
c12e,1692608225492966,5.2562428,2.22783,0.73805255,24,159
c12e,1692608226492626,5.2451024,2.1832676,0.75364769,25,169
c12e,1692608227493236,5.2286839,2.1434405,0.7639938,24,179
c12e,1692608228493751,5.2291851,2.125562,0.76357841,23,189
c12e,1692608229492576,5.2358284,2.1103604,0.76577282,24,199
c12e,1692608230492565,5.2408109,2.0989592,0.76741856,24,209
c12e,1692608231492574,5.2400603,2.0793746,0.76799428,24,219
c12e,1692608232493466,5.2277527,2.0702028,0.7684024,23,229
c12e,1692608233492730,5.2356672,2.0599103,0.78551555,28,239
c12e,1692608234493561,5.2359271,2.0624118,0.774556,22,249
c12e,1692608235492744,5.242815,2.0661795,0.78263915,26,259
c12e,1692608236492884,5.2544532,2.0599849,0.78897339,27,269
c12e,1692608237492614,5.2661257,2.06844,0.78325778,24,279
c12e,1692608238494732,5.26364,2.0662086,0.791236,27,289
c12e,1692608239493525,5.2542672,2.0808098,0.7890448,23,299
c12e,1692608240494702,5.2592058,2.0767839,0.79677182,27,309
c12e,1692608241492705,5.2653146,2.0596862,0.80440122,28,319
c12e,1692608242493076,5.243082,2.0576792,0.79769671,23,329
c12e,1692608243492664,5.2334743,2.0498538,0.7965132,25,339
c12e,1692608244495344,5.2437091,2.0483589,0.78834075,24,349
c12e,1692608245493846,5.2490563,2.0585783,0.79308593,26,359
c12e,1692608246492716,5.2566447,2.0630074,0.78698057,24,369
c12e,1692608247492899,5.2483535,2.0578065,0.78077686,23,379
c12e,1692608248492790,5.2306561,2.0537064,0.78666252,25,389
c12e,1692608249492837,5.2468023,2.0605545,0.78544277,25,399
c12e,1692608250492661,5.2346997,2.0614343,0.77842939,22,409
c12e,1692608251493542,5.2383118,2.0588257,0.78686005,26,419
c12e,1692608252493689,5.2231007,2.0536861,0.79218233,25,429
c12e,1692608253492624,5.218462,2.0549541,0.79380244,25,439
c12e,1692608254492668,5.2135425,2.0604427,0.78101194,21,449
c12e,1692608255492740,5.2242341,2.0550222,0.7902571,27,459
c12e,1692608256495109,5.212039,2.0543888,0.79804534,26,469
c12e,1692608257492884,5.2257113,2.0592489,0.80301178,27,479
c12e,1692608258493085,5.2235632,2.0620384,0.801373,25,489
c12e,1692608259492782,5.2243571,2.050941,0.79498345,24,499
c12e,1692608260492819,5.2302527,2.0579691,0.79285669,24,509
c12e,1692608261493152,5.2387214,2.0615909,0.79232341,25,519
c12e,1692608262493149,5.2465343,2.0637417,0.80149382,28,529
c12e,1692608263492975,5.2583032,2.0697756,0.80557996,27,539
c12e,1692608264493052,5.2450094,2.0717888,0.79821587,23,549
c12e,1692608265492968,5.220192,2.0703354,0.80023724,24,559
c12e,1692608266494138,5.2259226,2.0667915,0.80758291,27,569
c12e,1692608267493294,5.2128839,2.0699089,0.81055391,25,579
c12e,1692608268495248,5.2107573,2.0611143,0.80924147,25,589
c12e,1692608269492882,5.2166018,2.0473471,0.81721157,28,599
c12e,1692608270492881,5.1900382,2.0430541,0.80370545,21,609
c12e,1692608271493090,5.2055273,2.0514643,0.7962327,24,619
c12e,1692608272493843,5.2072392,2.0476093,0.79019207,23,629
c12e,1692608273492877,5.2046194,2.0471804,0.79855734,26,639
c12e,1692608274493368,5.2049227,2.0542879,0.80272347,26,649
c12e,1692608275492934,5.1975808,2.0590491,0.80669928,26,659
c12e,1692608276493160,5.1948361,2.0524294,0.80442941,25,669
c12e,1692608277492937,5.2100143,2.0660362,0.79516059,23,679
c12e,1692608278493298,5.2055373,2.0584345,0.7944898,24,689
c12e,1692608279493084,5.2172251,2.0653994,0.786549,23,699
c12e,1692608280494750,5.2165413,2.0634122,0.78018594,23,709
c12e,1692608281492955,5.2309113,2.0637355,0.79012775,27,719
c12e,1692608282493416,5.2240429,2.0650854,0.78561395,23,729
c12e,1692608283494452,5.2363725,2.0699654,0.78469473,24,739
c12e,1692608284492929,5.2251711,2.0655358,0.79284561,26,749
c12e,1692608285492921,5.2261143,2.0552082,0.78465605,23,759
c12e,1692608286493474,5.2168975,2.0551655,0.77921796,22,769
c12e,1692608287492922,5.2236042,2.0497875,0.80260527,30,779
c12e,1692608288493798,5.211267,2.0611398,0.80208629,24,789
c12e,1692608289494272,5.2214513,2.0605431,0.8095423,28,799
c12e,1692608290493186,5.2348356,2.0626891,0.80526006,25,809
c12e,1692608291493206,5.2368689,2.0542533,0.79913729,24,819
c12e,1692608292493932,5.2547383,2.0678928,0.78988588,23,829
c12e,1692608293493379,5.2476225,2.0603518,0.80654132,29,839
c12e,1692608294493062,5.2352457,2.0678406,0.79759866,23,849
c12e,1692608295493505,5.2438884,2.0774169,0.791289,24,859
c12e,1692608296493066,5.2370276,2.0701497,0.79924172,27,869
c12e,1692608297494157,5.2392354,2.0662594,0.79972196,26,879
c12e,1692608298493121,5.2231474,2.0625241,0.8112005,27,889
c12e,1692608299496090,5.2226238,2.0586576,0.80499256,24,899
c12e,1692608300493140,5.2248321,2.058594,0.78734428,21,909
c12e,1692608301494766,5.2125726,2.0557833,0.79178244,25,919
c12e,1692608302493527,5.2104783,2.0638096,0.79595131,25,929
c12e,1692608303495157,5.2224321,2.0568519,0.80033445,27,939
c12e,1692608304493085,5.2206445,2.061727,0.79956073,25,949
c12e,1692608305493450,5.2250233,2.059078,0.788595,23,959
c12e,1692608306493247,5.230834,2.0559876,0.80145687,28,969
c12e,1692608307493618,5.223712,2.0550122,0.804758,26,979
c12e,1692608308494163,5.2333736,2.0556338,0.80209583,25,989
c12e,1692608309493082,5.2582893,2.0623162,0.80046046,26,999
c12e,1692608310493158,5.2573934,2.0602517,0.8021549,26,1009
c12e,1692608311493336,5.2456546,2.0638275,0.79626781,23,1019
c12e,1692608312493113,5.2428923,2.0704095,0.7986238,25,1029
c12e,1692608313493503,5.2414455,2.0748658,0.80818212,28,1039
c12e,1692608314494358,5.2358661,2.0686138,0.803856,25,1049
c12e,1692608315493154,5.2185555,2.0602844,0.80659455,25,1059
c12e,1692608316493229,5.2272892,2.0657535,0.80036008,24,1069
c12e,1692608317493493,5.2239742,2.0746934,0.79418725,23,1079
c12e,1692608318494174,5.2358932,2.0674081,0.79356521,25,1089
c12e,1692608319493288,5.2352428,2.0673053,0.79433244,25,1099
c12e,1692608320495422,5.2308412,2.0578954,0.79034519,24,1109
c12e,1692608321493246,5.222043,2.0574543,0.79192978,25,1119
c12e,1692608322494313,5.1942887,2.0638139,0.79137468,22,1129
c12e,1692608323493563,5.2154031,2.0681949,0.789695,25,1139
c12e,1692608324493520,5.2280383,2.0776148,0.79830062,27,1149
c12e,1692608325493262,5.213243,2.0694759,0.79744643,24,1159
c12e,1692608326495176,5.2273092,2.0694087,0.79644305,25,1169
c12e,1692608327493348,5.23138,2.0700281,0.79996818,26,1179
c12e,1692608328494063,5.2135763,2.058917,0.79213125,22,1189
c12e,1692608329493672,5.2006412,2.057754,0.79242218,24,1199
c12e,1692608330494190,5.2277441,2.0511675,0.80031288,28,1209
c12e,1692608331493634,5.2400131,2.0601969,0.79658008,25,1219
c12e,1692608332495811,5.2191582,2.0631902,0.7963779,24,1229
c12e,1692608333493343,5.2167292,2.0649722,0.78416282,22,1239
c12e,1692608334493651,5.2034307,2.0571342,0.78506517,24,1249
c12e,1692608335493308,5.2034287,2.0585022,0.79855365,27,1259
c12e,1692608336493282,5.1917443,2.0627162,0.79691416,23,1269
c12e,1692608337493312,5.1976271,2.0608971,0.79767036,25,1279
c12e,1692608338493328,5.1985927,2.054724,0.79189563,23,1289
c12e,1692608339494762,5.2043862,2.0636487,0.78334087,22,1299
c12e,1692608340493375,5.2173142,2.0610518,0.7784726,23,1309
c12e,1692608341493356,5.2196255,2.0575483,0.79505312,28,1319
c12e,1692608342493624,5.2336564,2.053937,0.79106164,25,1329
c12e,1692608343494650,5.2360349,2.0545096,0.78591448,24,1339
c12e,1692608344493433,5.2268009,2.0600305,0.78969395,25,1349
c12e,1692608345493760,5.2376719,2.058181,0.79925579,28,1359
c12e,1692608346493396,5.2609863,2.0649118,0.79942763,26,1369
c12e,1692608347493394,5.2527041,2.0550225,0.80043447,26,1379
c12e,1692608348493386,5.2468486,2.058609,0.80269861,26,1389
c12e,1692608349493842,5.2471395,2.0600169,0.81229246,28,1399
c12e,1692608350494425,5.2295413,2.0574198,0.79868823,22,1409
c12e,1692608351494334,5.2165709,2.0542028,0.79914129,25,1419
c12e,1692608352493431,5.2157164,2.058845,0.80169654,26,1429
c12e,1692608353494054,5.2206059,2.0528011,0.782443,21,1439
c12e,1692608354494305,5.2155194,2.0569434,0.79286939,26,9
c12e,1692608355493430,5.2252312,2.0643885,0.78330857,22,19
c12e,1692608356493768,5.2181854,2.0621192,0.79051739,26,29
c12e,1692608357493399,5.2217736,2.0683506,0.78264576,22,39
c12e,1692608358493440,5.2108903,2.0671504,0.78143668,23,49
c12e,1692608359493508,5.2136984,2.0708935,0.77244884,21,59
c12e,1692608360493542,5.2104354,2.073679,0.78156763,25,69
c12e,1692608361493849,5.2172222,2.0633008,0.78070825,24,79
c12e,1692608362494384,5.2225542,2.0634489,0.77076691,22,89
c12e,1692608363493504,5.2155204,2.0634139,0.77153528,23,99
c12e,1692608364493472,5.2346992,2.0574894,0.773634,25,109
c12e,1692608365494101,5.2215905,2.0599959,0.7696166,22,119
c12e,1692608366495052,5.2220631,2.055548,0.7677539,23,129
c12e,1692608367493517,5.2242837,2.0567603,0.76427829,22,139
c12e,1692608368493630,5.2194514,2.0559754,0.76884323,24,149
c12e,1692608369493850,5.2103596,2.0575423,0.77666575,25,159
c12e,1692608370493548,5.2087593,2.0562599,0.76942366,22,169
c12e,1692608371495014,5.1948142,2.0522172,0.77282935,23,179
c12e,1692608372500586,5.203249,2.0562477,0.77317876,24,189
c12e,1692608373493846,5.2108951,2.058404,0.78891623,28,199
c12e,1692608374493610,5.2081771,2.0612054,0.78296405,23,209
c12e,1692608375493538,5.1912117,2.0529945,0.78370017,23,219
c12e,1692608376493533,5.1953454,2.052747,0.79111874,26,229
c12e,1692608377493859,5.1995811,2.0522442,0.78753471,24,239
c12e,1692608378493663,5.2084737,2.0544477,0.78962314,25,249
c12e,1692608379493970,5.226119,2.068182,0.79472011,26,259
c12e,1692608380493619,5.2258577,2.0734749,0.80194062,26,269
c12e,1692608381494483,5.229197,2.0758123,0.7956509,24,279
c12e,1692608382493942,5.2192011,2.074302,0.78865767,23,289
c12e,1692608383493602,5.2211809,2.0677555,0.78191966,23,299
c12e,1692608384493602,5.2416697,2.0706089,0.78937167,27,309
c12e,1692608385493691,5.2365232,2.069963,0.78793979,24,319
c12e,1692608386493608,5.2254767,2.06741,0.78742492,24,329
c12e,1692608387494566,5.2117372,2.0632031,0.79123765,25,339
c12e,1692608388494543,5.2047443,2.068541,0.78688914,23,349
c12e,1692608389494618,5.2152953,2.0692563,0.79460406,27,359
c12e,1692608390493658,5.2184649,2.0642772,0.79514575,25,369
c12e,1692608391493921,5.1975775,2.0631588,0.80060714,25,379
c12e,1692608392493668,5.2058368,2.0533581,0.80912149,28,389
c12e,1692608393494293,5.2137303,2.0517228,0.80255109,24,399
c12e,1692608394493982,5.2186189,2.0518842,0.78533363,21,409
c12e,1692608395494613,5.2312684,2.0538468,0.7901845,26,419
c12e,1692608396493725,5.2252626,2.0562677,0.78340822,23,429
c12e,1692608397493726,5.2249937,2.056716,0.78806549,25,439
c12e,1692608398493722,5.2078037,2.0508814,0.79045153,24,449
c12e,1692608399494098,5.19465,2.0379555,0.80292517,27,459
c12e,1692608400493745,5.202383,2.0443845,0.79002225,22,469